[
    0.12899406254291534, 
    0.21586233377456665, 
    0.11294472962617874, 
    5.605193857299268e-45, 
    0.29898571968078613, 
    5.605193857299268e-45, 
    0.074738509953022, 
    5.605193857299268e-45, 
    0.769486129283905, 
    0.014086749404668808, 
    0.1633564829826355, 
    1.940417160284369e-09, 
    0.20579776167869568, 
    0.43840157985687256, 
    5.605193857299268e-45, 
    0.010386578738689423, 
    5.113082401919655e-09, 
    1.3654966354370117, 
    0.06367971748113632, 
    5.605193857299268e-45, 
    5.605193857299268e-45, 
    0.08357663452625275, 
    0.3227105140686035, 
    0.17556558549404144, 
    5.605193857299268e-45, 
    0.0017652706010267138, 
    4.295626065273516e-22, 
    2.488848320145176e-12, 
    0.2837005853652954, 
    1.4065269231796265, 
    1.3308653734611653e-08, 
    0.16866256296634674
]