[
    -0.33509179949760437, 
    -0.15155476331710815, 
    -0.0918501690030098, 
    -0.4989086389541626, 
    0.5537428855895996, 
    -0.12724569439888, 
    0.3926752805709839, 
    -0.6409376263618469, 
    -1.1785674095153809, 
    1.7318239212036133, 
    1.2452338933944702, 
    -0.1160682961344719, 
    0.639987051486969, 
    -0.09299707412719727, 
    0.2388966679573059, 
    -0.5493982434272766, 
    -0.09759754687547684, 
    0.5991401076316833, 
    0.4564768075942993, 
    0.0895441323518753, 
    -0.6448153257369995, 
    0.1700129210948944, 
    -0.21943984925746918, 
    1.0376863479614258, 
    0.41974520683288574, 
    -0.47974929213523865, 
    0.6175670027732849, 
    -1.3062061071395874, 
    -1.1614888906478882, 
    0.7030400633811951, 
    -2.2303292751312256, 
    0.685478687286377, 
    -0.08302490413188934, 
    -0.8706910610198975, 
    -0.40323173999786377, 
    -0.3516392111778259, 
    0.4482799172401428, 
    -0.7419906258583069, 
    0.01828823983669281, 
    0.07475297898054123, 
    0.11665526032447815, 
    -0.5684990882873535, 
    0.38544896245002747, 
    -0.05691303685307503, 
    0.17547965049743652, 
    0.1620388627052307, 
    0.8311880826950073, 
    0.0729604959487915, 
    -1.3574141263961792, 
    0.08274425566196442, 
    -0.053723376244306564, 
    -0.7936256527900696, 
    -0.5146791934967041, 
    0.8328630328178406, 
    0.8754522800445557, 
    -0.6099473237991333, 
    -0.16802750527858734, 
    -0.7966596484184265, 
    0.3559192717075348, 
    1.1529922485351562, 
    0.10703785717487335, 
    0.4020727574825287, 
    0.5638496279716492, 
    -1.1409045457839966, 
    -0.35285183787345886, 
    -0.6918535232543945, 
    0.12723785638809204, 
    -0.5996270775794983, 
    0.7680126428604126, 
    -0.4056549072265625, 
    0.1714971661567688, 
    -0.599072277545929, 
    0.7783775925636292, 
    -0.7447677254676819, 
    -0.883731484413147, 
    0.030734628438949585, 
    0.07870259881019592, 
    0.6628609299659729, 
    0.4650149345397949, 
    1.202706217765808, 
    0.8499416708946228, 
    -0.2994173765182495, 
    -0.1111062690615654, 
    -1.0751614570617676, 
    -0.006980357225984335, 
    -0.6714625954627991, 
    0.48198696970939636, 
    -0.13538208603858948, 
    -1.1553945541381836, 
    0.36252647638320923, 
    -0.28379034996032715, 
    -0.5620488524436951, 
    -0.07004235684871674, 
    -0.2060103565454483, 
    -0.16281463205814362, 
    -0.3687252700328827, 
    0.4217475652694702, 
    0.5974172353744507, 
    0.16008427739143372, 
    0.5378064513206482, 
    -0.24320028722286224, 
    0.5125125646591187, 
    0.22069166600704193, 
    0.884429931640625, 
    0.8995495438575745, 
    0.24339504539966583, 
    -0.009761077351868153, 
    -1.1820623874664307, 
    -0.2534721791744232, 
    -0.48969367146492004, 
    -0.6025325059890747, 
    0.044809553772211075, 
    0.4640490412712097, 
    -0.6089404821395874, 
    -0.7453696727752686, 
    -0.22293655574321747, 
    1.3099054098129272, 
    -1.1236557960510254, 
    -0.013795210048556328, 
    0.4693925678730011, 
    -0.7827733755111694, 
    0.42664283514022827, 
    -0.3098814785480499, 
    0.049911223351955414, 
    1.315150499343872, 
    -1.450657844543457, 
    1.8935049772262573, 
    1.2589608430862427, 
    -1.1521998643875122, 
    -1.1250077486038208, 
    0.5267207622528076, 
    0.30694934725761414, 
    -0.8737809062004089, 
    1.485513687133789, 
    0.06538797914981842, 
    0.01971498876810074, 
    0.373334139585495, 
    0.27015888690948486, 
    -0.8490855097770691, 
    -0.3091171383857727, 
    0.2434806227684021, 
    0.633545458316803, 
    0.33422335982322693, 
    -0.12800027430057526, 
    -0.26694121956825256, 
    0.5100952386856079, 
    -0.26018235087394714, 
    -0.02853929065167904, 
    -2.070375680923462, 
    -0.48456743359565735, 
    0.29068028926849365, 
    0.5444427132606506, 
    0.20216339826583862, 
    -0.35666078329086304, 
    0.11109468340873718, 
    0.8805035352706909, 
    0.059580788016319275, 
    -0.047028038650751114, 
    -1.0540684461593628, 
    0.5666136145591736, 
    -0.227336123585701, 
    -0.2677426338195801, 
    0.12274138629436493, 
    0.9697961211204529, 
    0.453830748796463, 
    -0.38390374183654785, 
    0.2159208357334137, 
    -0.28705859184265137, 
    0.7972520589828491, 
    -0.06500129401683807, 
    -0.011380189098417759, 
    0.12936757504940033, 
    0.03115299716591835, 
    0.20915228128433228, 
    -1.5697805881500244, 
    0.2271536886692047, 
    -0.4702373147010803, 
    -0.3677197992801666, 
    0.9142695665359497, 
    1.2430001497268677, 
    -0.5049178004264832, 
    0.6953799724578857, 
    -0.22059057652950287, 
    0.6942322850227356, 
    -0.018743354827165604, 
    0.5475978851318359, 
    -0.3032985031604767, 
    -0.3271557092666626, 
    1.1967357397079468, 
    0.10084226727485657, 
    0.6137292385101318, 
    2.028559923171997, 
    -0.4176899492740631, 
    0.4477415084838867, 
    1.1828793287277222, 
    0.4852263927459717, 
    0.9279158711433411, 
    -0.4828936755657196, 
    -1.014552116394043, 
    -0.0011282109189778566, 
    0.040010806173086166, 
    -0.4621560573577881, 
    1.5304018259048462, 
    -0.3161522150039673, 
    -0.03232511505484581, 
    1.3899271488189697, 
    -0.12956614792346954, 
    -0.7160979509353638, 
    0.42947012186050415, 
    0.011111619882285595, 
    0.075187087059021, 
    -0.6159756779670715, 
    0.12509435415267944, 
    0.013681935146450996, 
    0.6011630892753601, 
    0.8711110353469849, 
    -0.7799447178840637, 
    0.9629649519920349, 
    0.9470025300979614, 
    0.3568175137042999, 
    -0.5887173414230347, 
    0.2257535308599472, 
    0.37083128094673157, 
    -0.6078346371650696, 
    0.8655652403831482, 
    -0.04566546157002449, 
    -0.24963130056858063, 
    -0.2424098402261734, 
    -1.1186449527740479, 
    0.02581101655960083, 
    1.9598559141159058, 
    -1.0380243062973022, 
    -0.8800361156463623, 
    0.12117594480514526, 
    -0.9949458241462708, 
    -0.17543716728687286, 
    0.35886773467063904, 
    0.45826637744903564, 
    -0.12724143266677856, 
    0.48909565806388855, 
    0.4388273358345032, 
    0.5947721600532532, 
    -0.15789759159088135, 
    1.0433030128479004, 
    0.597763180732727, 
    0.061450690031051636, 
    0.5308055877685547, 
    -0.25892403721809387, 
    0.10341336578130722, 
    -1.9157897233963013, 
    0.1484120935201645, 
    0.546502947807312, 
    0.15337470173835754, 
    0.8441163897514343, 
    0.775651216506958, 
    0.6136965751647949
]