[
    0.0031716767698526382, 
    0.0034918664023280144, 
    0.006689383648335934, 
    0.009397394955158234, 
    0.009711180813610554, 
    0.004303369205445051, 
    0.006354027893394232, 
    0.006051724310964346, 
    0.01287929993122816, 
    0.0056190891191363335, 
    0.0023584491573274136, 
    0.005167379975318909, 
    0.007536692079156637, 
    0.0039414577186107635, 
    0.005098668392747641, 
    0.006213230546563864, 
    0.006063723471015692, 
    0.009670590050518513, 
    0.005242480896413326, 
    0.006623963359743357, 
    0.005402520298957825, 
    0.010685417801141739, 
    0.007089681923389435, 
    0.012888409197330475, 
    0.0044447025284171104, 
    0.008644329383969307, 
    0.009241818450391293, 
    0.005581578705459833, 
    0.004667958244681358, 
    0.010971716605126858, 
    0.0032631652429699898, 
    0.005472104996442795, 
    5.605193857299268e-45, 
    0.004261778201907873, 
    0.017670275643467903, 
    0.006616344675421715, 
    0.009477226994931698, 
    0.003553541610017419, 
    0.001416857703588903, 
    0.005924427881836891, 
    0.002407696330919862, 
    0.005501591134816408, 
    0.0010992898605763912, 
    0.006402077618986368, 
    0.006703674327582121, 
    0.010601562447845936, 
    0.003152477089315653, 
    0.002392036374658346, 
    0.0036949277855455875, 
    0.008038345724344254, 
    0.003371963044628501, 
    0.003891849657520652, 
    0.005466950125992298, 
    0.00233562127687037, 
    0.005334912333637476, 
    0.005679614841938019, 
    0.010873404331505299, 
    0.004563304129987955, 
    0.010172643698751926, 
    0.007287335116416216, 
    0.008451801724731922, 
    0.004672953858971596, 
    0.002803935669362545, 
    0.01914675161242485, 
    0.0053472756408154964, 
    0.003036421723663807, 
    0.01339714229106903, 
    0.0041297548450529575, 
    0.008154083043336868, 
    0.00684357387945056, 
    0.010247784666717052, 
    5.605193857299268e-45, 
    0.00600852444767952, 
    0.004123222082853317, 
    0.00567671237513423, 
    0.00804214458912611, 
    0.005979987792670727, 
    0.004413331858813763, 
    0.012095682322978973, 
    0.0015903013991191983, 
    0.010213942267000675, 
    0.004992078989744186, 
    0.008689848706126213, 
    0.003913424909114838, 
    0.002978934207931161, 
    0.0025659732054919004, 
    0.009288487024605274, 
    0.0038589993491768837, 
    0.007061975076794624, 
    0.014093879610300064, 
    5.605193857299268e-45, 
    0.007642138749361038, 
    0.002226685406640172, 
    0.004516242071986198, 
    0.00459199957549572, 
    0.0039476994425058365, 
    0.006182900629937649, 
    0.0029630358330905437, 
    0.012091167271137238, 
    0.006124087143689394, 
    0.005430755205452442, 
    0.004283944610506296, 
    0.004302692133933306, 
    0.005394830368459225, 
    0.004814890678972006, 
    0.005182997789233923, 
    0.004258940927684307, 
    0.0027610633987933397, 
    0.005209769122302532, 
    0.005961317103356123, 
    0.008329126052558422, 
    0.005294254049658775, 
    0.0032536382786929607, 
    0.005503619089722633, 
    0.0037236332427710295, 
    0.0072008646093308926, 
    0.012804761528968811, 
    0.004312793258577585, 
    0.004895484074950218, 
    0.009667368605732918, 
    0.0028217106591910124, 
    0.002756955800577998, 
    0.0023999931290745735, 
    0.00804294552654028, 
    0.023833874613046646, 
    0.004558118991553783, 
    0.006703012622892857, 
    0.003288672072812915, 
    0.006078713573515415, 
    0.004199570510536432, 
    0.003424504306167364, 
    0.005963559728115797, 
    0.008106718771159649, 
    0.002921641804277897, 
    0.020434077829122543, 
    0.00565070565789938, 
    0.014084427617490292, 
    0.005943039432168007, 
    0.006211071275174618, 
    0.0032940516248345375, 
    0.005424755159765482, 
    0.004904001951217651, 
    0.003095431486144662, 
    0.004343224223703146, 
    0.004610496573150158, 
    0.005190461408346891, 
    0.00346764805726707, 
    0.007054824847728014, 
    0.007615289185196161, 
    0.005220991559326649, 
    0.0027212942950427532, 
    0.002278089988976717, 
    0.004960283637046814, 
    5.605193857299268e-45, 
    0.0036795386113226414, 
    0.001507346285507083, 
    0.004255558364093304, 
    0.006578333210200071, 
    0.0045161377638578415, 
    0.004500295966863632, 
    0.0028524422086775303, 
    0.005654959008097649, 
    0.003419724991545081, 
    0.0036675550509244204, 
    0.004242590628564358, 
    0.0025275293737649918, 
    0.006360356695950031, 
    0.008003445342183113, 
    0.003970719408243895, 
    0.006049691699445248, 
    0.009163163602352142, 
    0.005483986344188452, 
    0.015023874118924141, 
    0.0043283309787511826, 
    0.005207792390137911, 
    0.003651738166809082, 
    0.004971261601895094, 
    0.004432306624948978, 
    0.005406324286013842, 
    0.0036701378412544727, 
    0.01113439816981554, 
    0.004208066966384649, 
    0.004846058785915375, 
    0.0023808139376342297, 
    0.003296354552730918, 
    0.013609196059405804, 
    0.00403099600225687, 
    0.004648433532565832, 
    0.003966763615608215, 
    0.004246901720762253, 
    0.006008174270391464, 
    0.005061223171651363, 
    0.003656911663711071, 
    0.021580131724476814, 
    0.004671271424740553, 
    0.006939240265637636, 
    0.01099351141601801, 
    0.012270040810108185, 
    0.00632072426378727, 
    0.006447558291256428, 
    0.008825380355119705, 
    0.005444815382361412, 
    0.006237159948796034, 
    0.024716895073652267, 
    0.006011375226080418, 
    0.005264389794319868, 
    0.0014736694283783436, 
    0.009767889976501465, 
    0.004726768005639315, 
    0.005933400709182024, 
    0.0050405762158334255, 
    0.004222034011036158, 
    0.004763287957757711, 
    0.006113466806709766, 
    0.006827826611697674, 
    0.0034541331697255373, 
    0.006396660581231117, 
    0.0062017072923481464, 
    0.0030441179405897856, 
    0.00813870970159769, 
    0.024204395711421967, 
    0.003926784265786409, 
    0.005470853764563799, 
    0.004576772917062044, 
    0.004658046644181013, 
    0.0012198303593322635, 
    0.007072929758578539, 
    0.002220967086032033, 
    0.007141725160181522, 
    0.0016601866809651256, 
    0.0023693980183452368, 
    0.004671805538237095, 
    0.0033481880091130733, 
    0.006315946578979492, 
    0.0065313177183270454, 
    0.005670023616403341, 
    0.006067072041332722, 
    0.003992992918938398, 
    0.0020252251997590065, 
    0.008846595883369446, 
    0.004656538832932711, 
    0.011517690494656563, 
    0.0060460069216787815, 
    0.005718396510928869, 
    0.006000195164233446, 
    0.0018950925441458821, 
    0.005565925966948271, 
    0.00652232114225626, 
    0.0049215806648135185, 
    0.007182708475738764, 
    5.605193857299268e-45, 
    0.009533419273793697, 
    0.00328126922249794, 
    0.0026334626600146294, 
    0.0030594351701438427, 
    0.002022547647356987, 
    0.007697627414017916, 
    0.006189369596540928, 
    0.01539932657033205, 
    0.005506595596671104, 
    0.004800653085112572, 
    0.004000463522970676, 
    0.0035919109359383583, 
    0.015442769043147564, 
    0.006964738480746746, 
    0.0028326455503702164, 
    0.011379862204194069, 
    0.008121790364384651, 
    0.011606128886342049, 
    0.005917990114539862, 
    0.008085722103714943, 
    0.011854933574795723, 
    0.004885581322014332, 
    0.010727331973612309, 
    0.014318179339170456, 
    0.0019200098467990756, 
    0.004544775001704693, 
    0.005584860686212778, 
    0.01485227607190609, 
    0.005407028365880251, 
    0.002371937967836857, 
    0.004658982157707214, 
    0.002329523442313075, 
    0.005006556399166584, 
    0.007345498073846102, 
    0.005073312669992447, 
    0.00476178340613842, 
    0.009763333946466446, 
    0.00684566842392087, 
    0.004571394994854927, 
    0.010559136047959328, 
    0.003954446874558926, 
    0.005072371568530798, 
    0.005299877375364304, 
    0.004575658589601517, 
    0.005699903704226017, 
    0.013538286089897156, 
    0.005119468085467815, 
    0.0043760123662650585, 
    0.00691386591643095, 
    0.004075384233146906, 
    0.021288583055138588, 
    0.00366268795914948, 
    0.006283521186560392, 
    5.605193857299268e-45, 
    0.004109054803848267, 
    0.00917238648980856, 
    0.0020610340870916843, 
    0.0019786979537457228, 
    0.0035712134558707476, 
    0.021260889247059822, 
    0.0143555523827672, 
    0.005153187550604343, 
    0.009446241892874241, 
    0.00827089510858059, 
    0.007398518268018961, 
    0.007599583826959133, 
    0.003191378666087985, 
    0.01924392208456993, 
    0.006815236061811447, 
    0.006283205468207598, 
    0.0063944789581000805, 
    0.008715891279280186, 
    0.007149448152631521, 
    0.005791081115603447, 
    0.00391193525865674, 
    0.00422430457547307, 
    0.008083430118858814, 
    0.0075849019922316074, 
    0.00624509435147047, 
    0.0011413125321269035, 
    0.0073157926090061665, 
    0.007274792063981295, 
    0.008213311433792114, 
    0.006439587101340294, 
    0.007844388484954834, 
    0.007742790970951319, 
    0.005332072731107473, 
    0.0065085566602647305, 
    0.008866190910339355, 
    0.011507371440529823, 
    0.002469260711222887, 
    0.006582185626029968, 
    0.0040154531598091125, 
    0.004472540691494942, 
    0.005852645728737116, 
    0.011251742951571941, 
    0.0015515333507210016, 
    0.012514042668044567, 
    0.005157968495041132, 
    0.0044060940854251385, 
    0.004563175141811371, 
    0.004284311085939407, 
    0.002773069776594639, 
    0.00533275306224823, 
    0.003820833284407854, 
    0.004074831027537584, 
    0.013611333444714546, 
    0.008407234214246273, 
    0.00429781898856163, 
    0.015385069884359837, 
    0.0035406346432864666, 
    0.00916969496756792, 
    0.005856124218553305, 
    0.004264773800969124, 
    0.004822853021323681, 
    0.0061106295324862, 
    0.004305168054997921, 
    0.0061504775658249855, 
    0.005047844722867012, 
    0.006207932252436876, 
    0.00452317763119936, 
    0.005091380327939987, 
    0.004332725424319506, 
    0.009664268232882023, 
    0.0233277790248394, 
    0.009106510318815708, 
    0.004736864473670721, 
    0.005733087658882141, 
    0.006362146232277155, 
    0.005970179568976164, 
    0.006165171042084694, 
    0.004863120149821043, 
    0.0038044536486268044, 
    0.002579500200226903, 
    0.0026170501951128244, 
    0.006856279913336039, 
    0.004065447952598333, 
    0.0057992166839540005, 
    0.005609896499663591, 
    0.007912175729870796, 
    0.013952190056443214, 
    0.013735312968492508, 
    0.0034527131356298923, 
    0.008492971770465374, 
    0.008712698705494404, 
    0.005460767541080713, 
    0.00367495184764266, 
    0.00855990219861269, 
    0.001392881735228002, 
    0.00375096476636827, 
    0.005613659042865038, 
    0.010796194896101952, 
    0.006610183976590633, 
    0.0037773142103105783, 
    0.003368249861523509, 
    0.004773907363414764, 
    0.011209303513169289, 
    0.0019668363966047764, 
    0.006651978939771652, 
    0.003212003270164132, 
    0.008929077535867691, 
    0.003970271907746792, 
    0.01541273295879364, 
    0.0038564533460885286, 
    0.030026717111468315, 
    0.006303021218627691, 
    0.002670694375410676, 
    0.0047689033672213554, 
    0.005581601057201624, 
    0.002921306760981679, 
    0.0034479231107980013, 
    0.006341110449284315, 
    0.00612293416634202, 
    0.005084189586341381, 
    0.005156130995601416, 
    0.003325811354443431, 
    0.005260863807052374, 
    0.0017929682508111, 
    0.0017777129542082548, 
    0.0026287559885531664, 
    0.008495264686644077, 
    0.008373290300369263, 
    0.00805761106312275, 
    0.004600992426276207, 
    0.005001890007406473, 
    0.005460212007164955, 
    0.0056646643206477165, 
    0.006647912785410881, 
    0.005278144963085651, 
    0.00466072466224432, 
    0.0029185726307332516, 
    0.005139744374901056, 
    0.005689275451004505, 
    0.004040797706693411, 
    0.006259438581764698, 
    0.0049258009530603886, 
    0.011102181859314442, 
    0.0023650540970265865, 
    0.004238663706928492, 
    0.005720669403672218, 
    0.006855878978967667, 
    0.011846203356981277, 
    0.003702349029481411, 
    0.009494495578110218, 
    0.002909160451963544, 
    0.005342745687812567, 
    0.00428561307489872, 
    0.005991908255964518, 
    0.05837101489305496, 
    0.0021235106978565454, 
    0.005708740092813969, 
    0.006163313053548336, 
    0.0056446511298418045, 
    0.0061849672347307205, 
    0.0048868670128285885, 
    0.008270119316875935, 
    0.0043842070735991, 
    0.010650803335011005, 
    0.003522512735798955, 
    0.004099456127732992, 
    0.006329631432890892, 
    0.007435938809067011, 
    0.01637486182153225, 
    0.0032962793484330177, 
    0.005021751392632723, 
    0.017248690128326416, 
    0.0049856011755764484, 
    0.008462073281407356, 
    0.0037200876977294683, 
    0.002758688060566783, 
    0.003081037662923336, 
    0.005240598227828741, 
    0.002576625905930996, 
    0.008311658166348934, 
    0.003483432112261653, 
    0.00674554193392396, 
    0.003429319243878126, 
    0.005458532832562923, 
    0.006979959085583687, 
    0.007513968739658594, 
    0.005914265289902687, 
    0.016453521326184273, 
    0.008564434945583344, 
    0.0071336752735078335, 
    0.02238539606332779, 
    0.0067148213274776936, 
    0.0069579449482262135, 
    0.00427178805693984, 
    0.0021402223501354456, 
    0.006432305555790663, 
    0.004523568786680698, 
    0.003843663027510047, 
    0.003927289508283138, 
    0.005142930429428816, 
    0.0033188844099640846, 
    0.0033454280346632004, 
    0.015321935527026653, 
    0.010549151338636875, 
    0.005248787812888622, 
    0.004821515642106533, 
    0.010788381099700928
]