[
    0.2804183065891266, 
    0.4468572735786438, 
    0.26917025446891785, 
    0.43968966603279114, 
    0.48402297496795654, 
    0.3042652904987335, 
    0.2641508877277374, 
    0.3769854009151459, 
    0.01819523796439171, 
    0.32310202717781067, 
    0.4148751199245453, 
    0.31655222177505493, 
    0.3548071086406708, 
    0.5771758556365967, 
    0.3333142101764679, 
    0.2773851454257965, 
    0.3220283091068268, 
    0.6011050343513489, 
    0.27394288778305054, 
    0.31486839056015015, 
    0.3158436417579651, 
    0.4818931221961975, 
    0.3434128165245056, 
    0.2841709852218628, 
    0.3396642208099365, 
    0.239475816488266, 
    0.3599671721458435, 
    0.30971646308898926, 
    0.26436570286750793, 
    0.34427565336227417, 
    0.34301698207855225, 
    0.5262722969055176, 
    0.36761656403541565, 
    0.3252745568752289, 
    0.33631667494773865, 
    0.576802134513855, 
    0.41925859451293945, 
    0.504176676273346, 
    0.4161611795425415, 
    0.3774881660938263, 
    0.30931198596954346, 
    0.5156226754188538, 
    0.3462904393672943, 
    0.41943982243537903, 
    0.3596402704715729, 
    0.44876155257225037, 
    0.3509831726551056, 
    0.3012380599975586, 
    0.39877814054489136, 
    0.7436173558235168, 
    0.4408133625984192, 
    0.3091766834259033, 
    0.36299461126327515, 
    0.3641747534275055, 
    0.5345001220703125, 
    0.21872170269489288, 
    0.2978803217411041, 
    0.44583749771118164, 
    0.3298778533935547, 
    0.5109375715255737, 
    0.3481918275356293, 
    0.3461272120475769, 
    0.3145686984062195, 
    0.35641711950302124, 
    0.40016672015190125, 
    0.7789491415023804, 
    0.41351649165153503, 
    0.6216143369674683, 
    0.4375678598880768, 
    0.4595267176628113, 
    0.3983355164527893, 
    0.3227989971637726, 
    0.3140173554420471, 
    0.42406561970710754, 
    0.3329126238822937, 
    0.3285576105117798, 
    0.29873067140579224, 
    0.32719939947128296, 
    0.3424311876296997, 
    0.4092502295970917, 
    0.37535545229911804, 
    0.3516537845134735, 
    0.4535564184188843, 
    0.3997003436088562, 
    0.27074310183525085, 
    0.30275335907936096, 
    0.3314496576786041, 
    0.2993524670600891, 
    0.3522155284881592, 
    0.29793429374694824, 
    0.3359975814819336, 
    0.38979971408843994, 
    0.34147408604621887, 
    0.020820243284106255, 
    0.29150494933128357, 
    0.6543194055557251, 
    0.3389587104320526, 
    0.6003718972206116, 
    0.3770446181297302, 
    0.4876692295074463, 
    0.24173209071159363, 
    0.3467937707901001, 
    0.28509974479675293, 
    0.4478892683982849, 
    0.38845813274383545, 
    0.3835659921169281, 
    0.3997036814689636, 
    0.35897040367126465, 
    0.3466925621032715, 
    0.29706862568855286, 
    0.26074498891830444, 
    0.3447655439376831, 
    0.36179640889167786, 
    0.35599568486213684, 
    0.4656442105770111, 
    0.4627678394317627, 
    0.007952749729156494, 
    0.3361140489578247, 
    0.5039624571800232, 
    0.3840029239654541, 
    0.020128075033426285, 
    0.34345608949661255, 
    0.39999276399612427, 
    0.4162537157535553, 
    0.9419755935668945, 
    0.46945032477378845, 
    0.5454245209693909, 
    0.34989920258522034, 
    0.32544222474098206, 
    0.38615936040878296, 
    0.7875735759735107, 
    0.29817652702331543, 
    0.35277771949768066, 
    0.2835971415042877, 
    0.34874168038368225, 
    0.2875633239746094, 
    0.7806406617164612, 
    0.3662353456020355, 
    0.319858580827713, 
    0.791098415851593, 
    0.4517372250556946, 
    0.33006420731544495, 
    0.39818495512008667, 
    0.3696376383304596, 
    0.2716226875782013, 
    0.35571256279945374, 
    0.3674541115760803, 
    0.2693682610988617, 
    0.3536127507686615, 
    0.39223426580429077, 
    0.5102266669273376, 
    0.2845487594604492, 
    0.29634392261505127, 
    0.29105061292648315, 
    0.3503122329711914, 
    0.4058239758014679, 
    0.28506821393966675, 
    0.5665032267570496, 
    0.4586600661277771, 
    0.28840959072113037, 
    0.31309646368026733, 
    0.26240333914756775, 
    0.4186150133609772, 
    0.3685837984085083, 
    0.26113754510879517, 
    0.33067092299461365, 
    0.28701111674308777, 
    0.3709980845451355, 
    0.5242146253585815, 
    0.24577106535434723, 
    0.5972926616668701, 
    0.32304155826568604, 
    0.3505098223686218, 
    0.3182222247123718, 
    0.33008304238319397, 
    0.46596893668174744, 
    0.3933756649494171, 
    0.34399154782295227, 
    0.43035104870796204, 
    0.5331227779388428, 
    0.2864415645599365, 
    0.30353856086730957, 
    0.32123616337776184, 
    0.2991069257259369, 
    0.5133989453315735, 
    0.29120051860809326, 
    0.4296211898326874, 
    0.27978062629699707, 
    0.2988753914833069, 
    0.46974825859069824, 
    0.40905556082725525, 
    0.5623528957366943, 
    0.39100590348243713, 
    0.7154576182365417, 
    0.3292282819747925, 
    0.36988750100135803, 
    0.3146362006664276, 
    0.5519039630889893, 
    0.42039260268211365, 
    0.3307741582393646, 
    0.3243939280509949, 
    0.2829803228378296, 
    0.31781935691833496, 
    0.3358011841773987, 
    0.47657251358032227, 
    0.3369796574115753, 
    0.33748534321784973, 
    0.47235435247421265, 
    0.3549748361110687, 
    0.29194432497024536, 
    0.4183250367641449, 
    0.4506785571575165, 
    0.2614716589450836, 
    0.46142181754112244, 
    0.3057235777378082, 
    0.3119700849056244, 
    0.39759349822998047, 
    0.8009740114212036, 
    0.32635119557380676, 
    0.36004361510276794, 
    0.3124297559261322, 
    0.39108431339263916, 
    0.46499234437942505, 
    0.37414759397506714, 
    0.7544753551483154, 
    0.33857205510139465, 
    0.3186613619327545, 
    0.381876140832901, 
    0.2544843256473541, 
    0.5136300921440125, 
    0.3697858452796936, 
    0.2582107186317444, 
    0.41144809126853943, 
    0.8248589634895325, 
    0.6367965340614319, 
    0.5879400372505188, 
    0.4301508665084839, 
    0.29847633838653564, 
    0.3311740756034851, 
    0.2450878918170929, 
    0.36172837018966675, 
    0.2790307104587555, 
    0.34240996837615967, 
    0.321363240480423, 
    0.3553738594055176, 
    0.2606995105743408, 
    0.3236886262893677, 
    0.24656127393245697, 
    0.531261146068573, 
    0.3644954562187195, 
    0.0003505852073431015, 
    0.3863886892795563, 
    0.5621324777603149, 
    0.3257311284542084, 
    0.2597457766532898, 
    0.5179405212402344
]