[
    0.008701451122760773, 
    0.001043624710291624, 
    0.0009646574617363513, 
    0.0005804697866551578, 
    0.0018246173858642578, 
    0.00044871476711705327, 
    0.004309954587370157, 
    0.0075902268290519714, 
    0.0004967853310517967, 
    0.0005082636489532888, 
    5.605193857299268e-45, 
    0.0010802459437400103, 
    5.605193857299268e-45, 
    0.0013479747576639056, 
    0.0023722369223833084, 
    0.0032790256664156914, 
    0.0006983675411902368, 
    0.0011255028657615185, 
    6.635110366914887e-06, 
    0.0010369865922257304, 
    0.0003343306016176939, 
    0.0006346490699797869, 
    0.0073989080265164375, 
    0.0003980830078944564, 
    0.003387725679203868, 
    0.0008806342957541347, 
    0.0013673651264980435, 
    5.605193857299268e-45, 
    0.0005070276674814522, 
    0.0007136010681279004, 
    5.605193857299268e-45, 
    0.0005327826365828514, 
    0.0012315356871113181, 
    0.0007690307684242725, 
    0.0015045689651742578, 
    0.0029570595361292362, 
    5.605193857299268e-45, 
    0.004968713037669659, 
    0.0011081536067649722, 
    0.0007007094100117683, 
    0.0009272948373109102, 
    0.0008964345324784517, 
    0.0032141173724085093, 
    0.001159957144409418, 
    0.003226076252758503, 
    0.013104123063385487, 
    0.00012823386350646615, 
    0.00037347982288338244, 
    0.0017646574415266514, 
    0.0006935821147635579, 
    0.004622490610927343, 
    0.0026663406752049923, 
    0.004850332625210285, 
    0.000515339314006269, 
    0.0008284670766443014, 
    5.605193857299268e-45, 
    0.0009331686305813491, 
    0.004162875469774008, 
    0.0009507958311587572, 
    0.0005871730390936136, 
    0.0005062676500529051, 
    0.007793390657752752, 
    0.0006427440093830228, 
    0.00041676737600937486, 
    0.0025843533221632242, 
    0.0017240589950233698, 
    0.0007686830358579755, 
    5.605193857299268e-45, 
    5.605193857299268e-45, 
    0.0048617469146847725, 
    0.001915551139973104, 
    5.605193857299268e-45, 
    0.00574319064617157, 
    0.00331768486648798, 
    0.000944187690038234, 
    0.0006161699420772493, 
    5.605193857299268e-45, 
    0.00046837146510370076, 
    0.0010946718975901604, 
    0.0067784846760332584, 
    0.0008435869822278619, 
    0.0007426962838508189, 
    0.004391350317746401, 
    0.00016639627574477345, 
    0.0014212880050763488, 
    0.0011131701758131385, 
    0.0024352027103304863, 
    0.0007777345017530024, 
    0.0010308867786079645, 
    0.0007375448476523161, 
    0.0021208981052041054, 
    0.0022794411052018404, 
    0.0058574071153998375, 
    0.002698780968785286, 
    5.605193857299268e-45, 
    5.605193857299268e-45, 
    0.0006892259116284549, 
    0.0013093018205836415, 
    0.0029297745786607265, 
    0.003891575615853071, 
    0.0010222302516922355, 
    0.0005755453603342175, 
    0.0007051710272207856, 
    0.0031319151166826487, 
    0.0004062028310727328, 
    0.012580922804772854, 
    1.3154787666280754e-05, 
    0.0010349452495574951, 
    5.605193857299268e-45, 
    0.002748297294601798, 
    1.0172329893975984e-05, 
    0.0008508109021931887, 
    0.0005785449757240713, 
    0.0011122620198875666, 
    0.001606881502084434, 
    0.002582926070317626, 
    0.00462990440428257, 
    0.0008054492645896971, 
    0.002120561897754669, 
    0.00192986277397722, 
    0.001846537459641695, 
    0.001176407909952104, 
    0.0010315565159544349, 
    0.0008911601034924388, 
    0.0012693117605522275, 
    0.0018950414378196, 
    0.0009749968303367496, 
    0.0006813948275521398, 
    0.0052803694270551205, 
    0.00015137618174776435, 
    0.0003601964272093028, 
    0.0006063230684958398, 
    0.0008455500355921686, 
    0.00018743606051430106, 
    0.0012492103269323707, 
    0.001021687057800591, 
    0.0009703320101834834, 
    0.0038102706894278526, 
    0.0044242013245821, 
    0.0038457168266177177, 
    0.002631209557875991, 
    0.008187882602214813, 
    0.0006174003356136382, 
    5.605193857299268e-45, 
    0.0022759162820875645, 
    5.605193857299268e-45, 
    5.605193857299268e-45, 
    0.0019036107696592808, 
    0.009429738856852055, 
    0.000720314506907016, 
    0.002342149382457137, 
    0.0016863993369042873, 
    0.0017496468499302864, 
    0.0017702120821923018, 
    0.0010965436231344938, 
    0.000672101799864322, 
    0.0009350281325168908, 
    0.001675922772847116, 
    0.006232412066310644, 
    0.0014191267546266317, 
    0.0012650792486965656, 
    0.001661436166614294, 
    0.000511814549099654, 
    0.000737183028832078, 
    0.0006800898117944598, 
    5.605193857299268e-45, 
    0.0013137244386598468, 
    0.0011755304876714945, 
    0.0012150921393185854, 
    0.0007668845355510712, 
    0.0004957437049597502, 
    0.0013024336658418179, 
    0.005525403190404177, 
    0.0005911224288865924, 
    0.005494052544236183, 
    0.00047301064478233457, 
    0.003155000740662217, 
    0.0025852182880043983, 
    5.605193857299268e-45, 
    5.605193857299268e-45, 
    5.605193857299268e-45, 
    0.005087621044367552, 
    0.003921667113900185, 
    0.003023680532351136, 
    0.0050567928701639175, 
    0.0008979816338978708, 
    0.0014063309645280242, 
    0.006425292231142521, 
    0.003605720354244113, 
    0.0009076611022464931, 
    5.605193857299268e-45, 
    5.605193857299268e-45, 
    0.0013101460644975305, 
    0.0007627406157553196, 
    0.0008527332101948559, 
    0.0038111975882202387, 
    0.0020716297440230846, 
    0.0005840362864546478, 
    0.0011833790922537446, 
    0.00233227526769042, 
    0.0007811145042069256, 
    0.004111066460609436, 
    6.349674549710471e-06, 
    0.0006490794476121664, 
    0.0006173515575937927, 
    0.0005519844125956297, 
    0.0019146796548739076, 
    0.0008677488658577204, 
    0.0009980229660868645, 
    0.0010116593912243843, 
    0.0021574946586042643, 
    0.0006467645289376378, 
    0.00020280496391933411, 
    0.002852418227121234, 
    0.0006080958410166204, 
    0.0008415870252065361, 
    0.003223446197807789, 
    0.0012360236141830683, 
    0.0020320198964327574, 
    0.001063921838067472, 
    0.0010770775843411684, 
    0.004225144162774086, 
    0.0017362367361783981, 
    0.0005151226068846881, 
    0.005066187120974064, 
    0.004798041190952063, 
    0.0006466280901804566, 
    0.002260708250105381, 
    0.0014096545055508614, 
    0.0006181411445140839, 
    0.0012534225825220346, 
    0.0036875195801258087, 
    0.0030314663890749216, 
    0.0012793828500434756, 
    5.605193857299268e-45, 
    5.605193857299268e-45, 
    0.001149023650214076, 
    0.0008654323173686862, 
    0.000529476092197001, 
    0.0010496621252968907, 
    0.0011530846823006868, 
    0.00579054793342948, 
    0.0022338510025292635, 
    0.0008824652177281678, 
    0.000629909336566925, 
    0.0001358016161248088, 
    0.008039059117436409, 
    5.605193857299268e-45, 
    0.006541460752487183, 
    0.0018033765954896808, 
    5.605193857299268e-45, 
    0.0008273745770566165, 
    0.001219076570123434, 
    0.004217520356178284, 
    0.001076939981430769, 
    0.0016291432548314333, 
    0.0008418296347372234, 
    5.605193857299268e-45, 
    5.605193857299268e-45, 
    0.0020889679435640574, 
    0.0027378916274756193, 
    1.555670314701274e-05, 
    0.0008929175673983991, 
    0.0024311670567840338, 
    0.0008356429752893746, 
    0.0011622847523540258, 
    0.001181380939669907, 
    0.0012505908962339163, 
    0.0008620840962976217, 
    0.003162750042974949, 
    0.0003568275133147836, 
    0.0023730406537652016, 
    0.0027691309805959463, 
    0.00036802463000640273, 
    0.0010310824727639556, 
    0.0006387866451404989, 
    0.0012355772778391838, 
    0.003123869653791189, 
    5.605193857299268e-45, 
    0.0030902617145329714, 
    0.0011236465070396662, 
    0.0011264313943684101, 
    0.000460017443401739, 
    5.605193857299268e-45, 
    5.605193857299268e-45, 
    8.489522770105395e-06, 
    0.00032798133906908333, 
    3.318068047519773e-05, 
    0.00047392677515745163, 
    5.605193857299268e-45, 
    0.001897925976663828, 
    0.0030311287846416235, 
    0.0005353800370357931, 
    0.0034861466847360134, 
    0.001790818409062922, 
    0.0004894855082966387, 
    0.001477939309552312, 
    0.001176138874143362, 
    0.0009239555220119655, 
    0.0012400152627378702, 
    0.001253365888260305, 
    0.0013945393729954958, 
    0.0009901844896376133, 
    0.0010387204820290208, 
    0.000809370307251811, 
    0.0007427155505865812, 
    0.0011525574373081326, 
    0.001459417399019003, 
    0.0028822727035731077, 
    5.605193857299268e-45, 
    0.0015969490632414818, 
    0.0028890413232147694, 
    0.000378197553800419, 
    0.00385406706482172, 
    5.605193857299268e-45, 
    0.0035123832058161497, 
    0.0005470786127261817, 
    0.00093508989084512, 
    0.0007368758670054376, 
    0.0015742620453238487, 
    0.001464648055844009, 
    0.000800502544734627, 
    0.00252338289283216, 
    0.006758817005902529, 
    0.0008034926722757518, 
    0.0009447546326555312, 
    0.0006764471181668341, 
    0.0027109261136502028, 
    0.00568113150075078, 
    0.001289569539949298, 
    0.0007703320006839931, 
    0.0010378829902037978, 
    0.0014994521625339985, 
    5.605193857299268e-45, 
    0.0007923798984847963, 
    0.0002366800035815686, 
    0.001037323847413063, 
    0.0005810731090605259, 
    0.0010824401397258043, 
    0.0007439754554070532, 
    0.0005112243816256523, 
    0.0016780069563537836, 
    0.00106070248875767, 
    0.001070912810973823, 
    0.0012509319931268692, 
    0.000282434921246022, 
    0.00043539091711863875, 
    0.0008531960193067789, 
    0.0007794887060299516, 
    0.0013432430569082499, 
    0.0009716802160255611, 
    0.0008096218225546181, 
    5.605193857299268e-45, 
    0.0009376655798405409, 
    0.0006226844270713627, 
    0.001906445249915123, 
    0.0012809591135010123, 
    0.002217101864516735, 
    0.0035219029523432255, 
    0.0016563273966312408, 
    0.0005256326403468847, 
    0.0001318047579843551, 
    0.001402712776325643, 
    0.0007563743856735528, 
    5.605193857299268e-45, 
    0.0005480685504153371, 
    0.002215369837358594, 
    0.000717829680070281, 
    5.605193857299268e-45, 
    5.605193857299268e-45, 
    0.004362132865935564, 
    0.0006868276977911592, 
    0.0012186786625534296, 
    5.605193857299268e-45, 
    0.0008405455155298114, 
    5.605193857299268e-45, 
    0.0007158611551858485, 
    0.0013223271816968918, 
    0.000912439776584506, 
    0.0009281827369704843, 
    0.0010986672714352608, 
    0.0016783121973276138, 
    0.0008772671571932733, 
    5.605193857299268e-45, 
    0.0005079926340840757, 
    5.605193857299268e-45, 
    0.00048623199108988047, 
    0.0008674284326843917, 
    5.605193857299268e-45, 
    5.605193857299268e-45, 
    0.0008765999227762222, 
    3.581852128009497e-24, 
    5.605193857299268e-45, 
    0.0005053560016676784, 
    0.000849763979203999, 
    0.00043363444274291396, 
    0.00022271840134635568, 
    0.0017743307398632169, 
    0.0008615218685008585, 
    0.0061434232629835606, 
    0.002160761971026659, 
    0.0013546847039833665, 
    5.605193857299268e-45, 
    0.00019154275651089847, 
    0.003433673409745097, 
    0.0017179723363369703, 
    0.0009277216158807278, 
    5.605193857299268e-45, 
    0.0006886257906444371, 
    0.003027526428923011, 
    0.00020303417113609612, 
    0.0017922770930454135, 
    0.0007735447725281119, 
    0.0013308004708960652, 
    0.0010877808090299368, 
    5.605193857299268e-45, 
    0.0006532598054036498, 
    0.001283185207284987, 
    0.0005337632028385997, 
    0.001118286163546145, 
    5.605193857299268e-45, 
    0.0004948272253386676, 
    0.0009975731372833252, 
    0.0014175423420965672, 
    0.0003390925994608551, 
    0.0006429521599784493, 
    5.605193857299268e-45, 
    0.001002571894787252, 
    0.003248743247240782, 
    0.0009635214228183031, 
    0.000701949349604547, 
    0.0015010797651484609, 
    0.001216499018482864, 
    0.000895125325769186, 
    5.605193857299268e-45, 
    0.0007563945255242288, 
    0.0012562210904434323, 
    0.0005200234591029584, 
    0.01094827987253666, 
    0.0007178820669651031, 
    0.003185126930475235, 
    0.0010813677217811346, 
    8.49364441819489e-05, 
    0.0017779589397832751, 
    0.0006525210337713361, 
    5.605193857299268e-45, 
    0.0012056442210450768, 
    0.0013140105875208974, 
    0.00416614068672061, 
    0.0009400880080647767, 
    0.0007141508394852281, 
    5.605193857299268e-45, 
    5.605193857299268e-45, 
    0.000961650104727596, 
    5.605193857299268e-45, 
    0.00618049455806613, 
    0.00025557231856510043, 
    5.605193857299268e-45, 
    5.605193857299268e-45, 
    0.00013169951853342354, 
    5.605193857299268e-45, 
    0.0008564190939068794, 
    0.004358883015811443, 
    0.0012874481035396457, 
    5.605193857299268e-45, 
    0.0022621285170316696, 
    0.0007583369733765721, 
    0.0011991384672001004, 
    0.0005370748694986105, 
    0.0017959033139050007, 
    0.0013742037117481232, 
    0.0007358014117926359, 
    5.605193857299268e-45, 
    0.0009634385351091623, 
    0.000949741224758327, 
    0.0017560722772032022, 
    0.002026104833930731, 
    0.0037927336525171995, 
    0.0015281569212675095, 
    5.605193857299268e-45, 
    0.0017411662265658379, 
    0.001289568142965436, 
    0.0008311922429129481, 
    0.0010344157926738262, 
    0.00048443098785355687, 
    0.005209352821111679, 
    5.605193857299268e-45, 
    0.0019843648187816143, 
    0.0008324482478201389, 
    0.0008272007689811289, 
    5.605193857299268e-45, 
    0.004320528823882341, 
    5.605193857299268e-45, 
    0.0026336635928601027, 
    0.0005111065111123025, 
    0.0052937609143555164, 
    5.605193857299268e-45, 
    0.00228758598677814, 
    0.005104986950755119, 
    0.0031846954952925444, 
    0.0015396714443340898, 
    0.0027942562010139227, 
    0.0007676845998503268, 
    0.005692571867257357, 
    0.006705706473439932, 
    0.0011863566469401121, 
    0.00098629598505795, 
    0.0018963898764923215, 
    0.0010106083936989307, 
    0.0012904898030683398, 
    0.002131678629666567, 
    5.605193857299268e-45, 
    0.0005731047713197768, 
    0.000974408641923219, 
    0.0033935625106096268, 
    0.0009543592459522188, 
    0.0012376154772937298, 
    0.0011076799128204584, 
    0.0028510403353720903, 
    0.001183509943075478, 
    0.0009620750206522644, 
    0.0006359079852700233, 
    0.0015947566134855151, 
    0.0009639761410653591, 
    0.0008986943867057562, 
    0.005324095953255892, 
    0.0010299676796421409, 
    0.0035253141541033983, 
    0.00256721000187099, 
    5.605193857299268e-45, 
    0.0043344623409211636, 
    0.0007358755683526397, 
    0.0018638413166627288, 
    0.0005083411815576255, 
    0.0018956459825858474, 
    0.0006209069397300482, 
    0.002840341767296195, 
    0.004035046324133873, 
    0.00013655185466632247, 
    0.0003996227169409394, 
    0.0007479094201698899, 
    0.0010516088223084807, 
    0.004697972908616066, 
    0.0016430678078904748, 
    0.0024839253164827824, 
    5.605193857299268e-45, 
    0.0007144628907553852, 
    0.0017578793922439218, 
    0.0008807563572190702, 
    0.0011811780277639627, 
    0.0005442416877485812, 
    0.0014677426079288125, 
    5.605193857299268e-45, 
    0.001022837357595563, 
    0.002368774265050888, 
    0.00013682337885256857, 
    5.605193857299268e-45, 
    0.0013775421539321542, 
    0.0006686301785521209, 
    0.0006804948789067566, 
    0.00863049179315567, 
    0.0010557863861322403, 
    0.00023862575471866876, 
    0.002249283716082573, 
    5.605193857299268e-45, 
    0.0008619893342256546, 
    0.004599015228450298, 
    0.002732330234721303, 
    0.0010885127121582627, 
    0.0006633881712332368, 
    0.004501077346503735, 
    0.002468749415129423, 
    0.0005550619680434465, 
    0.0007967289420776069, 
    0.0018673536833375692, 
    0.0005054514622315764, 
    0.0016065360978245735, 
    0.00321941077709198, 
    0.001353855011984706, 
    0.009381387382745743, 
    0.008649325929582119, 
    0.0007347646169364452, 
    0.0007422659546136856, 
    0.001569255837239325, 
    0.0011238427832722664, 
    0.0006374371005222201, 
    0.0010916606988757849, 
    0.00013140043301973492, 
    0.001055799424648285, 
    0.0005025372956879437, 
    5.605193857299268e-45, 
    0.0002919766411650926, 
    5.605193857299268e-45, 
    0.0007761478191241622, 
    0.0005135296378284693, 
    0.000916388351470232, 
    0.0015244054375216365, 
    0.0013190595200285316, 
    5.605193857299268e-45, 
    0.0007237968384288251, 
    0.0010507481638342142, 
    0.0022293957881629467, 
    0.0017681523459032178, 
    5.605193857299268e-45, 
    0.0009876422118395567, 
    0.0007172104087658226, 
    6.49068970233202e-05, 
    0.006163572892546654, 
    0.0021275223698467016, 
    5.605193857299268e-45, 
    0.0009710792801342905, 
    0.002088080858811736, 
    0.003920009359717369, 
    0.0013105489779263735, 
    0.000772136845625937, 
    0.001027225167490542, 
    0.000527306750882417, 
    0.0030073856469243765, 
    0.0031043165363371372, 
    0.0011942392447963357, 
    0.0016581349773332477, 
    0.0025681182742118835, 
    0.018014561384916306, 
    0.009994938969612122, 
    5.605193857299268e-45, 
    0.0013769313227385283, 
    0.0004927163827233016, 
    0.0005524006555788219, 
    5.605193857299268e-45, 
    0.0007507483824156225, 
    0.0010465309023857117, 
    0.0035171019844710827, 
    0.0007196340593509376, 
    0.0013916109455749393, 
    0.0013976774644106627, 
    0.0008337478502653539, 
    0.0011978340335190296, 
    5.605193857299268e-45, 
    0.00018479747814126313, 
    0.001237466000020504, 
    0.0031374285463243723, 
    5.605193857299268e-45, 
    0.0022745495662093163, 
    0.0027590154204517603, 
    0.005367856007069349, 
    0.000285436341073364, 
    0.0019222707487642765, 
    0.0006944207707419991, 
    0.002689067739993334, 
    0.0008128983899950981, 
    0.0002994387177750468, 
    0.00263478746637702, 
    0.001303153927437961, 
    0.00441537331789732, 
    0.002513145562261343, 
    0.0017418642528355122, 
    0.0008088533650152385, 
    0.001398548949509859, 
    0.0007484968518838286, 
    0.000710954365786165, 
    0.0026015539187937975, 
    0.0035623020958155394, 
    0.0009839225094765425, 
    0.004022963810712099, 
    0.0027688532136380672, 
    5.605193857299268e-45, 
    5.605193857299268e-45, 
    0.0005540548008866608, 
    0.00021081828163005412, 
    0.0007910339045338333, 
    0.00010786415077745914, 
    0.001069774734787643, 
    0.0008213671389967203, 
    0.000901174615137279, 
    0.001135980593971908, 
    5.605193857299268e-45, 
    0.003914268221706152, 
    0.003346696961671114, 
    0.006438112817704678, 
    0.0024236543104052544, 
    0.0018729597795754671, 
    0.000941818521823734, 
    0.0007901211502030492, 
    0.001035879598930478, 
    0.0005958144320175052, 
    5.605193857299268e-45, 
    0.0007513858145102859, 
    0.0005706759402528405, 
    0.0029825468081980944, 
    0.00129671988543123, 
    0.001043806318193674, 
    0.0014821109361946583, 
    0.0024766139686107635, 
    0.0008873674087226391, 
    0.0013472691643983126, 
    0.0005331643624231219, 
    0.0008854432962834835, 
    0.005063128191977739, 
    0.0004954829928465188, 
    5.605193857299268e-45, 
    5.605193857299268e-45, 
    0.004235593602061272, 
    0.0077849822118878365, 
    0.011238341219723225, 
    0.0006808779435232282, 
    0.0009258919162675738, 
    0.003500718856230378, 
    0.0009638537303544581, 
    0.0014407408889383078, 
    0.0009119685855694115, 
    5.605193857299268e-45, 
    0.001427097013220191, 
    0.0037816192489117384, 
    5.605193857299268e-45, 
    0.0003943649062421173, 
    0.0005291504203341901, 
    0.0006402324070222676, 
    0.0007657489040866494, 
    0.003035987028852105, 
    0.0012744091218337417, 
    0.00143501500133425, 
    0.0015650481218472123, 
    5.605193857299268e-45, 
    0.000451710686320439, 
    5.605193857299268e-45, 
    0.0007488144910894334, 
    0.0004714686656370759, 
    0.00021788798039779067, 
    5.605193857299268e-45, 
    0.00021051605290267617, 
    0.0015126245561987162, 
    0.0009432791848666966, 
    0.0005373031017370522, 
    0.0007057557231746614, 
    0.00036329927388578653, 
    0.0005241683684289455, 
    0.010011204518377781, 
    0.004053357057273388, 
    0.0001353599946014583, 
    0.0009343369747512043, 
    5.605193857299268e-45, 
    0.001220351317897439, 
    0.0006391004426404834, 
    5.605193857299268e-45, 
    0.0005351949948817492, 
    0.0015490188961848617, 
    0.0006542986957356334, 
    0.0008919339743442833, 
    0.0015585079090669751, 
    0.0019424187485128641, 
    0.005807604640722275, 
    5.605193857299268e-45, 
    5.605193857299268e-45, 
    0.0016193535411730409, 
    0.0013625501887872815, 
    5.605193857299268e-45, 
    0.0014376367907971144, 
    5.605193857299268e-45, 
    0.0009103286429308355, 
    0.001344161108136177, 
    0.006865121424198151, 
    0.0017206603661179543, 
    0.000912531919311732, 
    0.009557138197124004, 
    0.0003146087401546538, 
    0.0009314517956227064, 
    0.004640993662178516, 
    0.001075385371223092, 
    0.0009837832767516375, 
    0.00040226566488854587, 
    0.000627824105322361, 
    0.00289988424628973, 
    0.004037362523376942, 
    0.001508035114966333, 
    0.0051603238098323345, 
    0.0009583546197973192, 
    0.00021701998775824904, 
    0.0010300116846337914, 
    0.0014034974155947566, 
    0.0005176323466002941, 
    0.0009627818944863975, 
    0.00700878631323576, 
    0.00025551553699187934, 
    0.000809255288913846, 
    0.0036307841073721647, 
    0.002945937681943178, 
    0.0024973866529762745, 
    0.0002793217427097261, 
    0.0029056123457849026, 
    0.009017652831971645, 
    0.0007652259082533419, 
    0.00018703690147958696, 
    0.0018920969450846314, 
    0.002034157747402787, 
    0.0018439076375216246, 
    5.605193857299268e-45, 
    0.0024072055239230394, 
    0.0005724310176447034, 
    0.005013924092054367, 
    0.003171237651258707, 
    0.001849979511462152, 
    0.0010344402398914099, 
    0.004292676690965891, 
    0.028491849079728127, 
    0.0008784022647887468, 
    0.0008478945237584412, 
    0.0005915472283959389, 
    0.0006735622300766408, 
    1.3533897513877088e-37, 
    0.0016115912003442645, 
    0.0018002822762355208, 
    5.605193857299268e-45, 
    0.0014080371474847198, 
    0.0016800255980342627, 
    0.006507439538836479, 
    0.00041866549872793257, 
    0.0006706826970912516, 
    0.003969699144363403, 
    0.0020927307195961475, 
    0.0009034338290803134, 
    0.0020270776003599167, 
    0.0021193940192461014, 
    0.00028606533305719495, 
    0.002557899570092559, 
    0.000872019911184907, 
    0.0021813265047967434, 
    0.004811154678463936, 
    0.001372418599203229, 
    0.002532446291297674, 
    0.0015461333096027374, 
    0.00045740228961221874, 
    0.0009118043235503137, 
    0.006810539402067661, 
    0.0014381870860233903, 
    0.0012285093544051051, 
    0.0014680864987894893, 
    0.001741416403092444, 
    0.0029169179033488035, 
    0.0011731620179489255, 
    0.00259045185521245, 
    0.0010329302167519927, 
    5.605193857299268e-45, 
    0.001094024977646768, 
    0.0027031651698052883, 
    0.00030706776306033134, 
    5.605193857299268e-45, 
    0.0017940454417839646, 
    0.0017980481497943401, 
    0.0009483009343966842, 
    0.0010013924911618233, 
    0.0009474799153394997, 
    0.0014911019243299961, 
    0.0011551703792065382, 
    0.0004981269594281912, 
    0.0005227997899055481, 
    0.0013830201933160424, 
    0.0030177575536072254, 
    0.0010453759459778666, 
    0.001948541379533708, 
    0.0010787840001285076, 
    0.0007308677304536104, 
    5.605193857299268e-45, 
    0.002975719515234232, 
    0.0015194689622148871, 
    0.004277506843209267, 
    0.0007672106148675084, 
    0.0011031999019905925, 
    0.0025101646315306425, 
    5.605193857299268e-45, 
    0.00047944593825377524, 
    0.001122687361203134, 
    0.0013868222013115883, 
    0.0010207482846453786, 
    5.605193857299268e-45, 
    5.605193857299268e-45, 
    0.0009816477540880442, 
    0.0007275402313098311, 
    0.0010568369179964066, 
    0.0005835943738929927, 
    0.003640556475147605, 
    0.0010383770568296313, 
    0.0008594285463914275, 
    5.605193857299268e-45, 
    0.0005246970686130226, 
    0.0004214482323732227, 
    0.00014745324733667076, 
    0.002405736595392227, 
    0.0013538157800212502, 
    0.0018698242492973804, 
    0.0013375298585742712, 
    0.0001365601783618331, 
    0.0017683440819382668, 
    5.605193857299268e-45, 
    0.0009168859687633812, 
    0.00045246776426211, 
    0.0006720548262819648, 
    0.0025440044701099396, 
    0.0008281247573904693, 
    0.0009510964155197144, 
    0.007212941534817219, 
    0.008681020699441433, 
    0.0019376665586605668, 
    0.002697540447115898, 
    0.002191739622503519, 
    0.0005691951955668628, 
    0.0007089723367244005, 
    0.0031261967960745096, 
    0.0006512876716442406, 
    0.0010329337092116475, 
    0.0006106648361310363, 
    5.605193857299268e-45, 
    0.0010405238717794418, 
    0.0010699976701289415, 
    0.0013860907638445497, 
    0.001477891462855041, 
    0.004202184267342091, 
    0.0035671682562679052, 
    0.0008236885769292712, 
    0.0004098440404050052, 
    0.0013532900484278798, 
    0.001676555722951889, 
    0.00797222275286913, 
    0.0035504712723195553, 
    0.00204010889865458, 
    0.004446056205779314, 
    0.001955774612724781, 
    0.0039453571662306786, 
    0.0006237768102437258, 
    0.0012022604933008552, 
    0.002573386998847127, 
    0.009370850399136543, 
    0.0043115513399243355, 
    0.0006202476797625422, 
    5.605193857299268e-45, 
    0.002125171711668372, 
    0.0007300953147932887, 
    0.005756167694926262, 
    5.605193857299268e-45, 
    0.000752188847400248, 
    0.0023135694209486246, 
    0.005245806649327278, 
    0.001768559101037681, 
    5.605193857299268e-45, 
    0.0007755974074825644, 
    0.0033080950379371643, 
    5.605193857299268e-45, 
    0.0008488627499900758, 
    0.0006188541883602738, 
    0.0005810591392219067, 
    0.001037747017107904, 
    5.605193857299268e-45, 
    0.0007623735582455993, 
    0.002098477678373456, 
    0.0007453497964888811, 
    0.000484699965454638, 
    0.0006082892068661749, 
    0.0006497188587673008, 
    0.0005744204390794039, 
    0.0005485829315148294, 
    0.0005188198992982507, 
    0.0004156837530899793, 
    0.000398998090531677, 
    5.605193857299268e-45, 
    0.00023590248019900173, 
    0.0006857083062641323, 
    0.0006846329779364169, 
    0.010745445266366005, 
    0.0016156753990799189, 
    0.0008741295314393938, 
    0.000775128835812211, 
    0.0005028243758715689, 
    0.0028066509403288364, 
    5.605193857299268e-45, 
    5.605193857299268e-45, 
    5.605193857299268e-45, 
    0.00037801015423610806, 
    0.001074158470146358, 
    0.0006048463983461261, 
    0.0008829081198200583, 
    0.0043104346841573715, 
    0.0011416247580200434, 
    0.0005586337065324187, 
    5.605193857299268e-45, 
    0.0012897594133391976, 
    5.605193857299268e-45, 
    0.0002061551931547001, 
    0.0018359486712142825, 
    0.0008030224707908928, 
    0.00045649439562112093, 
    5.605193857299268e-45, 
    0.0039771501906216145, 
    0.0011446860153228045, 
    0.0014079796383157372, 
    0.0029513768386095762, 
    0.0006077143480069935, 
    0.0008727770764380693, 
    0.00018548032676335424, 
    0.0013741236180067062, 
    0.00648706266656518, 
    0.0014569347258657217, 
    0.0009322329424321651, 
    0.0012546766083687544, 
    0.0025949690025299788, 
    0.0017703684279695153, 
    0.0036516208201646805, 
    0.0009479586151428521, 
    0.0010906849056482315, 
    0.0027841220144182444, 
    0.012204566970467567, 
    0.0010569365695118904, 
    0.0008006676798686385, 
    0.001114181475713849, 
    0.0015964139020070434, 
    0.0012734064366668463, 
    0.005297663621604443, 
    0.0005133494269102812, 
    0.0007923304219730198, 
    0.0005903689307160676, 
    0.001057754852809012, 
    0.0013829341623932123, 
    5.605193857299268e-45, 
    0.0029511740431189537, 
    0.0008389726863242686, 
    0.0013589856680482626
]