[
    0.03418666124343872, 
    -0.43762728571891785, 
    -0.017559457570314407, 
    0.1789683699607849, 
    0.2907452881336212, 
    0.4409765899181366, 
    -0.2625461518764496, 
    -0.2780017554759979, 
    -0.32401594519615173, 
    0.15103711187839508, 
    0.8431273102760315, 
    -0.016445087268948555, 
    -0.5874432325363159, 
    -0.40425384044647217, 
    0.2656129002571106, 
    -0.10190723091363907, 
    0.1886928230524063, 
    0.04676657170057297, 
    0.43066802620887756, 
    0.14145827293395996, 
    0.2681313753128052, 
    0.21784280240535736, 
    -0.5890420079231262, 
    -0.22952643036842346, 
    -0.05986388400197029, 
    0.058683302253484726, 
    0.41784951090812683, 
    0.5127277970314026, 
    -0.07823143899440765, 
    0.10372332483530045, 
    0.05793056637048721, 
    0.24982771277427673, 
    0.3239685595035553, 
    -0.30730319023132324, 
    -0.5709567666053772, 
    0.6049366593360901, 
    0.5012096762657166, 
    -0.07393797487020493, 
    0.03362133726477623, 
    -0.38276851177215576, 
    -0.18242387473583221, 
    0.5831359624862671, 
    -0.6362205147743225, 
    -0.12439462542533875, 
    0.5604819655418396, 
    0.18264803290367126, 
    -0.18524469435214996, 
    0.17071585357189178, 
    0.11653478443622589, 
    0.2403203397989273, 
    0.6276331543922424, 
    0.10791917145252228, 
    0.7106441259384155, 
    0.28853246569633484, 
    0.4232341945171356, 
    -0.1764228790998459, 
    -0.17615021765232086, 
    0.8433480262756348, 
    0.47659292817115784, 
    -0.10616116970777512, 
    0.5468596816062927, 
    0.013218492269515991, 
    0.30633649230003357, 
    -0.2056160420179367, 
    -0.1504875123500824, 
    -0.49064910411834717, 
    0.31225910782814026, 
    0.512129008769989, 
    0.4067900776863098, 
    -0.5083102583885193, 
    0.5584493279457092, 
    0.03279060870409012, 
    -0.17779532074928284, 
    -0.12299875169992447, 
    -0.7860183715820312, 
    -0.11956997960805893, 
    0.2209429144859314, 
    0.46935293078422546, 
    0.24235837161540985, 
    -0.6128658652305603, 
    -0.5411515831947327, 
    -0.15929166972637177, 
    0.5349007248878479, 
    -0.07156500220298767, 
    0.7411019802093506, 
    0.3436422348022461, 
    0.15940284729003906, 
    0.751266598701477, 
    -0.017015092074871063, 
    0.48184752464294434, 
    -0.01826883852481842, 
    0.8203485012054443, 
    0.1964041292667389, 
    0.6356655955314636, 
    -0.839806079864502, 
    0.3024839758872986, 
    0.3883742094039917, 
    0.015490764752030373, 
    0.6540181040763855, 
    0.22102071344852448, 
    0.23392099142074585, 
    0.10715506970882416, 
    0.29225391149520874, 
    0.48198673129081726, 
    0.47874870896339417, 
    0.34613507986068726, 
    0.03010677732527256, 
    0.03461046516895294, 
    0.3563774526119232, 
    0.40256693959236145, 
    0.29363736510276794, 
    0.34261345863342285, 
    0.21493932604789734, 
    1.4328445196151733, 
    0.35509803891181946, 
    0.14560961723327637, 
    0.059344079345464706, 
    -0.5206617712974548, 
    1.280689001083374, 
    -0.04347548633813858, 
    -0.1726319044828415, 
    -0.0444747619330883, 
    0.17327669262886047, 
    0.950843095779419, 
    0.16885951161384583, 
    0.3927113711833954, 
    0.34371572732925415, 
    0.21349017322063446, 
    0.37570056319236755, 
    0.0634705200791359, 
    0.5138811469078064, 
    -0.3048388659954071, 
    -0.28537312150001526, 
    0.10816793888807297, 
    0.5377655625343323, 
    0.15376876294612885, 
    0.001659486093558371, 
    0.14572808146476746, 
    -0.2079886496067047, 
    -0.12298592925071716, 
    -0.04461217671632767, 
    0.35453730821609497, 
    -0.1885506957769394, 
    0.0901670828461647, 
    -0.27642080187797546, 
    0.2775419056415558, 
    0.3883861005306244, 
    -0.931596040725708, 
    0.07942372560501099, 
    0.26102301478385925, 
    -0.44559136033058167, 
    -0.11056763678789139, 
    0.3581961393356323, 
    -0.025458602234721184, 
    0.24645733833312988, 
    0.5359501242637634, 
    0.7200576663017273, 
    -0.13020750880241394, 
    0.49948662519454956, 
    0.09042484313249588, 
    0.4205099642276764, 
    0.14368292689323425, 
    0.686290442943573, 
    -0.3543466627597809, 
    0.4809926748275757, 
    0.06484002619981766, 
    0.26343676447868347, 
    0.35766729712486267, 
    0.3699842691421509, 
    -0.1843002736568451, 
    0.0981166660785675, 
    0.3278633654117584, 
    -0.631598711013794, 
    0.12543568015098572, 
    0.690997302532196, 
    -0.922897458076477, 
    0.042267605662345886, 
    -0.3040102422237396, 
    0.15013132989406586, 
    -0.11902356147766113, 
    -0.03322625160217285, 
    0.5902370810508728, 
    0.013399864546954632, 
    -0.2394634187221527, 
    -0.017806444317102432, 
    -0.21100620925426483, 
    0.060105010867118835, 
    -0.0639273151755333, 
    0.007835237309336662, 
    -0.2892259657382965, 
    -0.42035049200057983, 
    -0.32624149322509766, 
    -0.26085364818573, 
    -0.12620452046394348, 
    0.49865442514419556, 
    0.19989733397960663, 
    -0.5271921157836914, 
    0.15415871143341064, 
    0.4777839481830597, 
    0.047887083142995834, 
    -0.05699034780263901, 
    0.335187166929245, 
    -0.17118066549301147, 
    0.6116847395896912, 
    0.05551895499229431, 
    0.30373796820640564, 
    0.18407100439071655, 
    0.4297378361225128, 
    0.04657645523548126, 
    0.5722605586051941, 
    -0.25919193029403687, 
    0.2832801043987274, 
    0.17491954565048218, 
    0.21949522197246552, 
    0.016826082020998, 
    0.39407721161842346, 
    0.08403288573026657, 
    0.25576746463775635, 
    0.14534306526184082, 
    0.5279601216316223, 
    1.0385899543762207, 
    0.32579168677330017, 
    0.7651655673980713, 
    0.1803499460220337, 
    0.00899047777056694, 
    2.070611000061035, 
    -0.00833095796406269, 
    0.05858303979039192, 
    0.3051510751247406, 
    -0.29406386613845825, 
    0.20969457924365997, 
    0.08175495266914368, 
    -0.23670808970928192, 
    -0.01041137520223856, 
    0.24783235788345337, 
    0.3298672139644623, 
    -0.1416979432106018, 
    0.681179404258728, 
    0.17696934938430786, 
    0.13805308938026428, 
    0.36300697922706604, 
    -0.04983914643526077, 
    0.19755592942237854, 
    0.6372134685516357, 
    -0.01342176366597414, 
    0.13388261198997498, 
    -0.08972031623125076, 
    -0.03521984815597534, 
    -0.33645784854888916, 
    -0.4213615655899048, 
    -0.014024234376847744, 
    0.1312769055366516, 
    -0.10677680373191833, 
    0.6344278454780579, 
    0.43580329418182373, 
    -0.3210797607898712, 
    0.06103116646409035, 
    -0.786022961139679, 
    0.6306354999542236, 
    -0.5749736428260803, 
    -0.5455071330070496, 
    0.6142376661300659, 
    0.4718705713748932, 
    0.7839542031288147, 
    -0.11641687899827957, 
    1.064111351966858, 
    0.06897534430027008, 
    -0.41975387930870056, 
    0.04318390041589737, 
    -0.14875388145446777, 
    0.17932555079460144, 
    0.28202179074287415, 
    0.2951013445854187, 
    0.11907980591058731, 
    0.2776371240615845, 
    0.3699372410774231, 
    0.0009605616796761751, 
    -0.3333270847797394, 
    1.113242268562317, 
    0.025016825646162033, 
    0.04478638991713524, 
    0.012698727659881115, 
    0.6459600329399109, 
    0.6072616577148438, 
    0.0542939156293869, 
    0.5316620469093323, 
    -0.1701241135597229, 
    0.1784154325723648, 
    0.1813828945159912, 
    -0.015483292751014233, 
    -0.6394760608673096, 
    0.1789868026971817, 
    -0.3480229079723358, 
    0.49629905819892883, 
    -0.2903222441673279, 
    0.8002023696899414, 
    -0.19096775352954865, 
    0.004507366567850113, 
    0.22191019356250763, 
    0.6070270538330078, 
    -0.327742338180542, 
    -0.318603515625, 
    0.4325675666332245, 
    -0.24673347175121307, 
    0.7809363007545471, 
    -0.3725050091743469, 
    -0.12649941444396973, 
    0.27533647418022156, 
    0.6017746329307556, 
    -0.30605703592300415, 
    -0.23581981658935547, 
    -0.47065186500549316, 
    0.6997687220573425, 
    0.0919046700000763, 
    -0.0297690462321043, 
    0.9868983626365662, 
    0.37220343947410583, 
    -0.4155990779399872, 
    0.5168285965919495, 
    0.2620789408683777, 
    0.40388786792755127, 
    0.1417844444513321, 
    0.7222474813461304, 
    0.33497941493988037, 
    -0.11108959466218948, 
    0.11142770200967789, 
    0.24930983781814575, 
    0.21825562417507172, 
    0.26270803809165955, 
    0.47625648975372314, 
    -0.2879539430141449, 
    0.15095865726470947, 
    0.5299915671348572, 
    -0.41413190960884094, 
    1.091210961341858, 
    0.24018460512161255, 
    0.06315040588378906, 
    -0.3092954158782959, 
    0.9977261424064636, 
    -0.03392293304204941, 
    0.40996652841567993, 
    0.01976030133664608, 
    0.07485874742269516, 
    0.27661430835723877, 
    -0.2384260892868042, 
    0.43782272934913635, 
    -0.48456868529319763, 
    -0.6812130212783813, 
    -0.4586539566516876, 
    0.09916771948337555, 
    0.10479697585105896, 
    0.05865465849637985, 
    0.08436533063650131, 
    -0.452388197183609, 
    0.3717854619026184, 
    0.009541119448840618, 
    -0.2283114790916443, 
    -0.0905783474445343, 
    0.23271286487579346, 
    -0.6226353645324707, 
    0.7089864611625671, 
    0.9662774205207825, 
    -0.15855073928833008, 
    -0.06516440957784653, 
    0.05941084027290344, 
    -0.7265366315841675, 
    -0.4293535649776459, 
    0.20911726355552673, 
    0.00618945574387908, 
    -0.5630069375038147, 
    0.26931703090667725, 
    -0.1045544296503067, 
    0.2159913182258606, 
    -0.3779453933238983, 
    0.9321569204330444, 
    -0.4055428206920624, 
    0.5329220294952393, 
    0.307842493057251, 
    -0.07032912224531174, 
    0.3105866312980652, 
    0.3664141297340393, 
    -0.05483870953321457, 
    0.34971025586128235, 
    -0.3183744549751282, 
    0.5911511778831482, 
    -0.07580389827489853, 
    -0.16141822934150696, 
    0.7679510712623596, 
    0.34102723002433777, 
    0.12133923918008804, 
    0.6981298923492432, 
    0.459199458360672, 
    -0.11004083603620529, 
    0.09359586238861084, 
    0.09589102119207382, 
    0.4210716187953949, 
    0.3059844374656677, 
    -0.005199106875807047, 
    0.6189071536064148, 
    -0.44905778765678406, 
    -0.03971957042813301, 
    -0.028662236407399178, 
    -0.1198057308793068, 
    0.6781018376350403, 
    0.5509235262870789, 
    -0.10994389653205872, 
    0.4391857087612152, 
    0.5980708599090576, 
    0.39198240637779236, 
    0.2551942467689514, 
    0.5957273244857788, 
    0.003677040571346879, 
    0.08567611128091812, 
    -0.6528739929199219, 
    -0.2454100251197815, 
    0.6931788325309753, 
    0.39251387119293213, 
    0.41885805130004883, 
    -0.8449500799179077, 
    0.11904457956552505, 
    0.48014336824417114, 
    -0.3810786306858063, 
    0.7649797201156616, 
    -0.054611653089523315, 
    0.004882956854999065, 
    0.6764897108078003, 
    -0.4502684473991394, 
    0.05823836475610733, 
    -0.21608470380306244, 
    0.12547153234481812, 
    0.7136179804801941, 
    0.4105966091156006, 
    0.3909319043159485, 
    0.7821438312530518, 
    -0.11665650457143784, 
    -0.37618783116340637, 
    -0.4596400856971741, 
    0.6953709721565247, 
    0.5663095116615295, 
    0.11753927916288376, 
    -0.10276170074939728, 
    0.17174461483955383, 
    -0.6545846462249756, 
    -0.3272458612918854, 
    0.3850874602794647, 
    0.028574639931321144, 
    -0.11755643784999847, 
    -0.10082759708166122, 
    0.5612601041793823, 
    0.25012731552124023, 
    0.17019499838352203, 
    0.12172497063875198, 
    -0.006537724286317825, 
    -0.129475399851799, 
    -0.20080815255641937, 
    0.17524826526641846, 
    0.15820039808750153, 
    0.23662693798542023, 
    -0.8393853902816772, 
    0.11133146286010742, 
    0.23496979475021362, 
    0.5510393977165222, 
    0.4644143283367157, 
    0.07604868710041046, 
    0.05133787542581558, 
    -0.08853024989366531, 
    1.1279706954956055, 
    0.3172491192817688, 
    0.4100247919559479, 
    0.20196467638015747, 
    -0.10816250741481781, 
    0.1907529979944229, 
    -0.39608034491539, 
    -0.204776331782341, 
    0.6006550192832947, 
    0.6409936547279358, 
    0.7880557179450989, 
    0.10914935916662216, 
    0.10794951766729355, 
    0.22707784175872803, 
    -0.630120038986206, 
    0.7270761132240295, 
    -0.24264352023601532, 
    0.1271563172340393, 
    0.13700802624225616, 
    0.6635497212409973, 
    0.2947161793708801, 
    -1.0616157054901123, 
    0.07134800404310226, 
    0.20367901027202606, 
    0.00596772413700819, 
    -0.421083003282547, 
    -0.5265081524848938, 
    0.4168272316455841, 
    1.3241047859191895, 
    -0.3909967839717865, 
    -0.6576818823814392, 
    -0.45785799622535706, 
    0.4840909540653229, 
    0.6095048785209656, 
    0.6258875727653503, 
    0.040996160358190536, 
    -0.589573085308075, 
    -0.732011616230011, 
    0.10976685583591461, 
    0.23022717237472534, 
    0.3996331989765167, 
    -0.6174123883247375, 
    0.01319689117372036, 
    -0.2494296431541443, 
    0.28891992568969727, 
    0.7083869576454163
]