[
    -0.03906726837158203, 
    -0.15723197162151337, 
    0.2686483860015869, 
    -0.22059577703475952, 
    -0.19633734226226807, 
    0.1589156836271286, 
    -0.08824308216571808, 
    0.06095954775810242, 
    0.0665232241153717, 
    -0.018364647403359413, 
    0.05893135815858841, 
    0.00530944112688303, 
    0.027424052357673645, 
    -0.05547839775681496, 
    0.43881282210350037, 
    0.00853157788515091, 
    -0.022920964285731316, 
    0.03585656359791756, 
    -0.2590291500091553, 
    -0.007489930372685194, 
    -0.013590418733656406, 
    -0.013822241686284542, 
    -0.08014626801013947, 
    -5.074281580164097e-05, 
    0.2917220890522003, 
    -0.05180225521326065, 
    0.03907256945967674, 
    0.10238680243492126, 
    0.0207595806568861, 
    -0.32145971059799194, 
    0.13437330722808838, 
    0.07422307878732681, 
    -0.30328989028930664, 
    0.18495523929595947, 
    -0.00619478989392519, 
    -0.3920462429523468, 
    -0.0770934596657753, 
    -0.026918873190879822, 
    0.008753065019845963, 
    0.3732844889163971, 
    0.06816922128200531, 
    0.022719979286193848, 
    -0.144692525267601, 
    0.10325240343809128, 
    0.07633351534605026, 
    0.3135937750339508, 
    -0.03739205747842789, 
    -0.02635173499584198, 
    -0.16307930648326874, 
    -0.5371521711349487, 
    -0.05487259477376938, 
    -0.42673036456108093, 
    0.00038401593337766826, 
    0.01931186020374298, 
    -0.013763105496764183, 
    -0.07814822345972061, 
    -0.1464403122663498, 
    0.016549594700336456, 
    0.13423992693424225, 
    0.0062622916884720325, 
    0.032664667814970016, 
    0.01990189589560032, 
    0.017844099551439285, 
    0.017423156648874283, 
    0.0631340965628624, 
    0.12584342062473297, 
    4.7517325583612546e-05, 
    0.020523563027381897, 
    0.03247349336743355, 
    0.22753968834877014, 
    -0.05328846722841263, 
    -0.12874184548854828, 
    -0.27847912907600403, 
    -0.3528272211551666, 
    0.13387997448444366, 
    0.17492210865020752, 
    0.028318019583821297, 
    -0.432247132062912, 
    -0.4921809732913971, 
    -0.07758935540914536, 
    -0.001832833280786872, 
    -0.021240822970867157, 
    0.21189825236797333, 
    -0.00728475721552968, 
    -0.24678848683834076, 
    -0.0314694419503212, 
    0.06343631446361542, 
    0.2603084146976471, 
    0.09103473275899887, 
    0.03147077560424805, 
    0.009203418157994747, 
    0.1119062677025795, 
    -0.11746861040592194, 
    0.07104570418596268, 
    0.02187589555978775, 
    0.6794775724411011, 
    -0.23091451823711395, 
    -0.04001134634017944, 
    0.044078223407268524, 
    -0.029663056135177612, 
    0.068306103348732, 
    0.03184604272246361, 
    -0.42262616753578186, 
    0.15626493096351624, 
    0.02812190353870392, 
    0.046869080513715744, 
    -0.02643660642206669, 
    -0.8138988614082336, 
    -0.07973743975162506, 
    0.01718643493950367, 
    0.09111075848340988, 
    -0.01976632885634899, 
    -0.03274792432785034, 
    -0.07642877846956253, 
    -0.3264266550540924, 
    0.13231246173381805, 
    0.03277548775076866, 
    0.07976511120796204, 
    0.025305652990937233, 
    0.0012134226271882653, 
    0.048885948956012726, 
    0.014685808680951595, 
    0.11635126918554306, 
    0.12826278805732727, 
    -0.1004885733127594, 
    0.17318353056907654, 
    5.605193857299268e-45, 
    0.0470053069293499
]