[
    0.2295091599225998, 
    0.09752998501062393, 
    0.6401365399360657, 
    0.18983176350593567, 
    0.4031159579753876, 
    0.30213144421577454, 
    0.18447758257389069, 
    0.30834832787513733, 
    0.7472851872444153, 
    0.15599778294563293, 
    0.2807084023952484, 
    0.4527345299720764, 
    0.23279957473278046, 
    0.38599154353141785, 
    0.3936908543109894, 
    0.34352123737335205, 
    0.34877413511276245, 
    0.35274574160575867, 
    0.36188551783561707, 
    0.19542883336544037, 
    0.2083185911178589, 
    0.4680936932563782, 
    0.4518638849258423, 
    0.3881049156188965, 
    0.28045544028282166, 
    0.2518833875656128, 
    0.21443982422351837, 
    0.3557340204715729, 
    0.3280493915081024, 
    0.2314140498638153, 
    0.17602455615997314, 
    0.17778335511684418, 
    0.0011762760113924742, 
    0.3130185008049011, 
    0.34204503893852234, 
    0.41318273544311523, 
    0.3665372431278229, 
    0.37340277433395386, 
    0.16186241805553436, 
    0.35102760791778564, 
    0.24784718453884125, 
    0.3822987377643585, 
    0.194289892911911, 
    0.21316929161548615, 
    0.2533872127532959, 
    0.32788991928100586, 
    0.3424493968486786, 
    0.23834381997585297, 
    0.29013893008232117, 
    0.3295150101184845, 
    0.310568630695343, 
    0.2947464883327484, 
    0.19242291152477264, 
    0.1518336981534958, 
    0.4085594117641449, 
    0.3067571818828583, 
    0.5407924652099609, 
    0.25462016463279724, 
    0.45107704401016235, 
    0.16829998791217804, 
    0.3648160994052887, 
    0.32692310214042664, 
    0.2459389865398407, 
    0.33180251717567444, 
    0.4059760868549347, 
    0.17126746475696564, 
    0.26852652430534363, 
    0.23035521805286407, 
    0.41598421335220337, 
    0.2708909809589386, 
    0.28803321719169617, 
    0.0020306208170950413, 
    0.21372604370117188, 
    0.38181743025779724, 
    0.3901659846305847, 
    0.6840680837631226, 
    0.16296617686748505, 
    0.3133211135864258, 
    0.5202627182006836, 
    0.2145712822675705, 
    0.20256732404232025, 
    0.3667479157447815, 
    0.45145222544670105, 
    0.20776814222335815, 
    0.2902730405330658, 
    0.17819304764270782, 
    0.47332388162612915, 
    0.36949780583381653, 
    0.22867076098918915, 
    0.27744442224502563, 
    0.0007246017339639366, 
    0.14708618819713593, 
    0.17223699390888214, 
    0.3231215476989746, 
    0.23874938488006592, 
    0.29696276783943176, 
    0.3759346604347229, 
    0.15698875486850739, 
    0.2572866380214691, 
    0.2582937479019165, 
    0.15071024000644684, 
    0.17984117567539215, 
    0.30272597074508667, 
    0.3506675660610199, 
    0.33772796392440796, 
    0.36462631821632385, 
    0.44715917110443115, 
    0.2829280495643616, 
    0.1464105248451233, 
    0.37021368741989136, 
    0.46621420979499817, 
    0.26812148094177246, 
    0.3311292231082916, 
    0.2104474902153015, 
    0.28795745968818665, 
    0.31369146704673767, 
    0.3160330355167389, 
    0.1279659867286682, 
    0.16348151862621307, 
    0.23314692080020905, 
    0.27618899941444397, 
    0.28588640689849854, 
    0.2240995466709137, 
    0.21439863741397858, 
    0.38630789518356323, 
    0.24131780862808228, 
    0.24289098381996155, 
    0.24080881476402283, 
    0.18006287515163422, 
    0.4074600636959076, 
    0.36391690373420715, 
    0.1657107174396515, 
    0.36105823516845703, 
    0.28174224495887756, 
    0.5312100648880005, 
    0.4408925473690033, 
    0.4613669216632843, 
    0.22656314074993134, 
    0.38763150572776794, 
    0.27776896953582764, 
    0.3563823997974396, 
    0.4054170548915863, 
    0.24664272367954254, 
    0.34216782450675964, 
    0.30934229493141174, 
    0.24327750504016876, 
    0.2049373984336853, 
    0.2117633819580078, 
    0.1844698041677475, 
    0.40539491176605225, 
    0.3216274380683899, 
    0.26089319586753845, 
    0.3964448571205139, 
    0.0010049202246591449, 
    0.26876428723335266, 
    0.1549757719039917, 
    0.28613200783729553, 
    0.43002599477767944, 
    0.17109359800815582, 
    0.3007015585899353, 
    0.18257074058055878, 
    0.17593052983283997, 
    0.14165444672107697, 
    0.1811354160308838, 
    0.3236939013004303, 
    0.29520660638809204, 
    0.20106524229049683, 
    0.37374722957611084, 
    0.32632842659950256, 
    0.27303290367126465, 
    0.5252141356468201, 
    0.1646154224872589, 
    0.5258552432060242, 
    0.45412978529930115, 
    0.3274914026260376, 
    0.2920626401901245, 
    0.29083797335624695, 
    0.21452756226062775, 
    0.37369969487190247, 
    0.25695887207984924, 
    0.4443659484386444, 
    0.3945426344871521, 
    0.21536383032798767, 
    0.3385985493659973, 
    0.3493365943431854, 
    0.5681095123291016, 
    0.19436661899089813, 
    0.17928849160671234, 
    0.3459851145744324, 
    0.36480942368507385, 
    0.40785595774650574, 
    0.18434058129787445, 
    0.20897503197193146, 
    0.32403257489204407, 
    0.3085078299045563, 
    0.184129536151886, 
    0.25525933504104614, 
    0.26489460468292236, 
    0.33613333106040955, 
    0.3610208332538605, 
    0.2574051022529602, 
    0.45234090089797974, 
    0.36333099007606506, 
    0.36229029297828674, 
    0.49180445075035095, 
    0.3606724739074707, 
    0.19703209400177002, 
    0.5830386281013489, 
    0.4166796803474426, 
    0.43577685952186584, 
    0.17678438127040863, 
    0.2815348505973816, 
    0.18562255799770355, 
    0.3732408881187439, 
    0.39999890327453613, 
    0.2663821280002594, 
    0.38716524839401245, 
    0.2166558802127838, 
    0.2744712233543396, 
    0.28312456607818604, 
    0.6533216238021851, 
    0.2540229260921478, 
    0.20697708427906036, 
    0.3527810871601105, 
    0.31942278146743774, 
    0.11042314767837524, 
    0.20640720427036285, 
    0.2778579890727997, 
    0.3302469253540039, 
    0.17580759525299072, 
    0.3096134066581726, 
    0.17551040649414062, 
    0.1035299152135849, 
    0.3698740005493164, 
    0.4166722297668457, 
    0.15738998353481293, 
    0.38508546352386475, 
    0.2753531336784363, 
    0.24433854222297668, 
    0.3097200095653534, 
    0.2953955829143524, 
    0.16696391999721527, 
    0.21951188147068024, 
    0.39277440309524536, 
    0.18495729565620422, 
    0.26431530714035034, 
    0.3606991469860077, 
    0.400256872177124, 
    0.3102104365825653, 
    0.4417802095413208, 
    0.05283378064632416, 
    0.20568394660949707, 
    0.326316773891449, 
    0.2683688998222351, 
    0.25064247846603394, 
    0.1875661164522171, 
    0.3319357931613922, 
    0.20061539113521576, 
    0.307599276304245, 
    0.34473147988319397, 
    0.22986368834972382, 
    0.3093596398830414, 
    0.26988157629966736, 
    0.21847352385520935, 
    0.3800451457500458, 
    0.21047775447368622, 
    0.35497039556503296, 
    0.49336305260658264, 
    0.2773298919200897, 
    0.18034163117408752, 
    0.4812700152397156, 
    0.5386980772018433, 
    0.3248962163925171, 
    0.214991495013237, 
    0.3166230022907257, 
    0.3364776372909546, 
    0.3227190375328064, 
    0.3451588749885559, 
    0.34193703532218933, 
    0.362270712852478, 
    0.16341201961040497, 
    0.5216484069824219, 
    0.1818920373916626, 
    0.3293581008911133, 
    0.21045944094657898, 
    0.323217511177063, 
    0.29006528854370117, 
    0.2573191523551941, 
    0.2274460345506668, 
    0.2795218527317047, 
    0.42924079298973083, 
    0.2738591432571411, 
    0.1520761251449585, 
    0.13422079384326935, 
    0.15108247101306915, 
    0.40744227170944214, 
    0.4395180344581604, 
    0.23216436803340912, 
    0.3812204599380493, 
    0.47244957089424133, 
    0.22326770424842834, 
    0.29892146587371826, 
    0.3258510231971741, 
    0.23798194527626038, 
    0.0016484908992424607, 
    0.3254617750644684, 
    0.6089443564414978, 
    0.21623173356056213, 
    0.15236017107963562, 
    0.38424625992774963, 
    0.3934287428855896, 
    0.5917327404022217, 
    0.17314791679382324, 
    0.4913514256477356, 
    0.20889349281787872, 
    0.31588980555534363, 
    0.20712831616401672, 
    0.25048014521598816, 
    0.5556821823120117, 
    0.2758950889110565, 
    0.45280593633651733, 
    0.3550717234611511, 
    0.4947655200958252, 
    0.4107815623283386, 
    0.3118554651737213, 
    0.17390942573547363, 
    0.3787076473236084, 
    0.5267785787582397, 
    0.16931140422821045, 
    0.27705663442611694, 
    0.25553739070892334, 
    0.4931332767009735, 
    0.5780177712440491, 
    0.5212469696998596, 
    0.1778985559940338, 
    0.3985358774662018, 
    0.5148134827613831, 
    0.29495182633399963, 
    0.4981517791748047, 
    0.18907691538333893, 
    0.2832619547843933, 
    0.2612827718257904, 
    0.2703351378440857, 
    0.2728104293346405, 
    0.19502899050712585, 
    0.1885771006345749, 
    0.445767879486084, 
    0.29916760325431824, 
    0.3604295253753662, 
    0.35780009627342224, 
    0.3445480167865753, 
    0.3395024240016937, 
    0.3507840633392334, 
    0.22777032852172852, 
    0.1438170224428177, 
    0.32662492990493774, 
    0.3374587893486023, 
    0.7014502286911011, 
    0.1626444011926651, 
    0.41010427474975586, 
    0.35995182394981384, 
    0.322385311126709, 
    0.44263535737991333, 
    0.4103374183177948, 
    0.32675158977508545, 
    0.4085763096809387, 
    0.48417362570762634, 
    0.4444229006767273, 
    0.36601725220680237, 
    0.22458402812480927, 
    0.4491932690143585, 
    0.1604360193014145, 
    0.2844645380973816, 
    0.30123332142829895, 
    0.5422722697257996, 
    0.4178929030895233, 
    0.4635787308216095, 
    0.2348083108663559, 
    0.16953431069850922, 
    0.41570648550987244, 
    0.17047233879566193, 
    0.2184811234474182, 
    0.3527598977088928, 
    0.29126980900764465, 
    0.2501840591430664, 
    0.25311362743377686, 
    0.4553042948246002, 
    0.3348245620727539, 
    0.17706210911273956, 
    0.262227863073349, 
    0.26597127318382263, 
    0.38869965076446533, 
    0.2658475935459137, 
    0.13346539437770844, 
    0.6067370772361755, 
    0.2277432084083557, 
    0.38641300797462463, 
    0.3220907747745514, 
    0.1886058747768402, 
    0.205880269408226, 
    0.30853962898254395, 
    0.36817803978919983, 
    0.5607308149337769, 
    0.3828461766242981, 
    0.28161895275115967, 
    0.28828275203704834, 
    0.39597007632255554, 
    0.30402523279190063, 
    0.12564344704151154, 
    0.3761943578720093, 
    0.28111502528190613, 
    0.4804839789867401, 
    0.2935172915458679, 
    0.6764222383499146, 
    0.33503323793411255, 
    0.3831752836704254, 
    0.3118966221809387, 
    0.1888781040906906, 
    0.3874051570892334, 
    0.3260239064693451, 
    0.28956925868988037, 
    0.1339072287082672, 
    0.5093309283256531, 
    0.3998457193374634, 
    0.356942743062973, 
    0.31866833567619324, 
    0.2836560010910034, 
    0.3381631076335907, 
    0.26895466446876526, 
    0.2131870687007904, 
    0.2604781687259674, 
    0.1414833813905716, 
    0.19509072601795197, 
    0.267503559589386, 
    0.2820850610733032, 
    0.1996256560087204, 
    0.3278336822986603, 
    0.2360389530658722, 
    0.27664896845817566, 
    0.4324605166912079, 
    0.305237740278244, 
    0.25770893692970276, 
    0.16348475217819214, 
    0.18025480210781097, 
    0.11854030191898346, 
    0.2575441896915436, 
    0.2045384645462036, 
    0.2683162987232208, 
    0.2500304579734802, 
    0.3414960503578186, 
    0.16314080357551575, 
    0.28978437185287476, 
    0.41963544487953186, 
    0.22234757244586945, 
    0.3849160373210907, 
    0.1534176915884018, 
    0.3405746817588806, 
    0.3367178440093994, 
    0.4688015878200531, 
    0.6293621063232422, 
    0.167931467294693, 
    0.4721664786338806, 
    0.2919052839279175, 
    0.40561744570732117, 
    0.454607218503952, 
    0.3800777196884155, 
    0.2245389074087143, 
    0.18733325600624084, 
    0.5056571364402771, 
    0.3100263774394989, 
    0.5175483226776123, 
    0.20735576748847961, 
    0.46767958998680115, 
    0.42170923948287964, 
    0.30918484926223755, 
    0.3934080898761749, 
    0.2916490137577057, 
    0.20123057067394257, 
    0.4807993173599243, 
    0.30124369263648987, 
    0.24959856271743774, 
    0.2235647439956665, 
    0.30843886733055115, 
    0.2801634669303894, 
    0.432413786649704, 
    0.22155426442623138, 
    0.45648014545440674, 
    0.3245924115180969, 
    0.37013161182403564, 
    0.4062984585762024, 
    0.305528849363327, 
    0.39987027645111084, 
    0.6714032292366028, 
    0.2569156587123871, 
    0.5380359292030334, 
    0.36171334981918335, 
    0.40367767214775085, 
    0.4847579598426819, 
    0.29149317741394043, 
    0.2675049901008606, 
    0.4268947243690491, 
    0.33049821853637695, 
    0.33649972081184387, 
    0.3168235123157501, 
    0.44899728894233704, 
    0.16954508423805237, 
    0.273761123418808, 
    0.28247207403182983, 
    0.26488497853279114, 
    0.34744730591773987, 
    0.3630127012729645, 
    0.6326413750648499
]