[
    -0.21883046627044678, 
    0.6978504657745361, 
    -0.02861856482923031, 
    0.824575662612915, 
    0.5614484548568726, 
    -0.36571186780929565, 
    0.010985731147229671, 
    -0.9329040050506592, 
    -0.5498058199882507, 
    0.09764429926872253, 
    0.6388755440711975, 
    0.7675478458404541, 
    -0.05108574777841568, 
    0.010684611275792122, 
    -0.4059795141220093, 
    0.5475428700447083, 
    0.6271470785140991, 
    0.5375797152519226, 
    1.2637410163879395, 
    -0.9939479827880859, 
    0.7147980332374573, 
    -0.5409903526306152, 
    -0.2507021129131317, 
    -0.22141852974891663, 
    -0.10729965567588806, 
    -0.4185628592967987, 
    0.489288866519928, 
    1.3895682096481323, 
    -0.24171732366085052, 
    0.39514678716659546, 
    -0.38008683919906616, 
    -0.8385106921195984, 
    -0.04932605102658272, 
    0.21751812100410461, 
    0.32030025124549866, 
    -0.9336745738983154, 
    0.5021005272865295, 
    0.3916785717010498, 
    -0.34180793166160583, 
    -0.5285073518753052, 
    1.6432722806930542, 
    1.2916619777679443, 
    -0.15745264291763306, 
    -0.5413135290145874, 
    -1.0131055116653442, 
    -0.1597486287355423, 
    0.17391841113567352, 
    -0.7751238346099854, 
    0.40963175892829895, 
    1.5868839025497437, 
    -1.0678322315216064, 
    -0.06817112118005753, 
    0.2658649981021881, 
    1.0483109951019287, 
    0.31863248348236084, 
    0.07076187431812286, 
    -0.31127944588661194, 
    -0.609981894493103, 
    -0.8188374638557434, 
    -0.3383178114891052, 
    0.3046818971633911, 
    0.009681420400738716, 
    0.4332038462162018, 
    -0.4804716408252716, 
    -1.148069977760315, 
    -0.5104696750640869, 
    -0.6795437932014465, 
    -0.8199513554573059, 
    -0.8195993304252625, 
    -0.3015097379684448, 
    -1.3576550483703613, 
    -0.01188198383897543, 
    -0.5594814419746399, 
    0.34531521797180176, 
    -0.08025575429201126, 
    0.02058931440114975, 
    0.5359521508216858, 
    -0.016439244151115417, 
    -0.04787144064903259, 
    -0.3495944142341614, 
    0.04322287440299988, 
    -0.5933857560157776, 
    0.23141616582870483, 
    -0.611810028553009, 
    -0.19044649600982666, 
    1.5497915744781494, 
    -0.7256184220314026, 
    0.513551652431488, 
    0.18382549285888672, 
    -1.161154866218567, 
    0.4113684594631195, 
    -0.07710737735033035, 
    0.3034180700778961, 
    0.8933430314064026, 
    0.44634073972702026, 
    -0.29091954231262207, 
    1.3683747053146362, 
    0.06594888865947723, 
    -0.6372969746589661, 
    0.17316409945487976, 
    -0.015417691320180893, 
    -0.07615722715854645, 
    -0.32842761278152466, 
    -0.31825754046440125, 
    -0.022355882450938225, 
    -0.18911537528038025, 
    0.45805394649505615, 
    -0.3583885729312897, 
    -0.4988642930984497, 
    -0.6481373310089111, 
    -0.666947603225708, 
    0.0024800063110888004, 
    0.8624316453933716, 
    0.1940087378025055, 
    -0.5997074842453003, 
    -0.37278804183006287, 
    -0.2026510238647461, 
    -0.4653751850128174, 
    0.7583280801773071, 
    0.13718056678771973, 
    0.19875861704349518, 
    -0.407488614320755, 
    -0.22653032839298248, 
    0.9477704763412476, 
    -0.9314208030700684, 
    0.5460623502731323, 
    -0.43027544021606445, 
    0.8400735855102539
]