[
    0.017555560916662216, 
    0.01031961664557457, 
    0.018588319420814514, 
    0.015450021252036095, 
    0.017458856105804443, 
    0.03050880879163742, 
    0.026207976043224335, 
    0.0193855669349432, 
    0.003922218922525644, 
    0.025718525052070618, 
    0.052971597760915756, 
    0.011763062328100204, 
    0.020466789603233337, 
    0.02878793515264988, 
    0.053759217262268066, 
    0.026154017075896263, 
    0.033411115407943726, 
    0.020225724205374718, 
    0.03769061341881752, 
    0.016289008781313896, 
    0.03895486891269684, 
    0.021299239248037338, 
    0.00914890505373478, 
    0.01969354972243309, 
    0.0089257275685668, 
    0.028682498261332512, 
    0.019052550196647644, 
    0.015802083536982536, 
    0.03308478742837906, 
    0.023630976676940918, 
    0.010217180475592613, 
    0.04349755495786667, 
    0.010179214179515839, 
    0.016831515356898308, 
    0.017280658707022667, 
    0.010019670240581036, 
    0.015046298503875732, 
    0.03335368260741234, 
    0.026584617793560028, 
    0.014515155926346779, 
    0.016297485679388046, 
    0.008104381151497364, 
    0.017389977350831032, 
    0.046251192688941956, 
    0.02996959164738655, 
    0.02512778900563717, 
    0.0196456927806139, 
    0.019955171272158623, 
    0.022100400179624557, 
    0.03492102026939392, 
    0.015648936852812767, 
    0.014291825704276562, 
    0.02074127458035946, 
    0.013875019736588001, 
    0.01563282497227192, 
    0.014379988424479961, 
    0.015085576102137566, 
    0.024595914408564568, 
    0.015224083326756954, 
    0.025994708761572838, 
    0.011392978951334953, 
    0.03879658877849579, 
    0.030797617509961128, 
    0.010762592777609825, 
    0.02227538824081421, 
    0.029656751081347466, 
    0.011708158068358898, 
    0.019829699769616127, 
    0.022062988951802254, 
    0.010071435943245888, 
    0.023792549967765808, 
    0.015885004773736, 
    0.036429837346076965, 
    0.025212006643414497, 
    0.016264963895082474, 
    0.006829074118286371, 
    0.008698150515556335, 
    0.0053712609224021435, 
    0.026394354179501534, 
    0.010227106511592865, 
    0.014409304596483707, 
    0.01345970667898655, 
    0.021443137899041176, 
    0.010288321413099766, 
    0.02809908241033554, 
    0.014115988276898861, 
    0.036053452640771866, 
    0.014627818949520588, 
    0.011681174859404564, 
    0.016005758196115494, 
    0.017542682588100433, 
    0.010971801355481148, 
    0.039247557520866394, 
    0.04853734001517296, 
    0.02711576782166958, 
    0.015386993065476418, 
    0.021491823717951775, 
    0.006453000474721193, 
    0.03172006458044052, 
    0.026362858712673187, 
    0.017330976203083992, 
    0.012128574773669243, 
    0.039288684725761414, 
    0.007229501847177744, 
    0.014338439330458641, 
    0.0159776508808136, 
    0.018427371978759766, 
    0.013296568766236305, 
    0.03063778020441532, 
    0.015977192670106888, 
    0.013651227578520775, 
    0.016403015702962875, 
    0.033822398632764816, 
    0.028905026614665985, 
    0.028081493452191353, 
    0.01365590374916792, 
    0.026528459042310715, 
    0.017565732821822166, 
    0.09094896167516708, 
    0.03346706181764603, 
    0.03613307699561119, 
    0.023428503423929214, 
    0.018798071891069412, 
    0.014303095638751984, 
    0.016770832240581512, 
    0.010606802068650723, 
    0.014313341118395329, 
    0.025198373943567276, 
    0.011239872314035892, 
    0.009845534339547157, 
    0.027162250131368637, 
    0.012101097032427788, 
    0.05057166516780853, 
    0.02771533839404583, 
    0.028337696567177773, 
    0.03328559175133705, 
    0.007075649686157703, 
    0.023890625685453415, 
    0.026388410478830338, 
    0.03939078748226166, 
    0.027891390025615692, 
    0.017724772915244102, 
    0.007395028602331877, 
    0.024231016635894775, 
    0.025454675778746605, 
    0.019981032237410545, 
    0.010244783014059067, 
    0.021530909463763237, 
    0.0514228492975235, 
    0.031822822988033295, 
    0.024474389851093292, 
    0.010545159690082073, 
    0.012374651618301868, 
    0.008072137832641602, 
    0.03545887768268585, 
    0.01965504325926304, 
    0.029453305527567863, 
    0.009929526597261429, 
    0.009015045128762722, 
    0.010541842319071293, 
    0.02284192107617855, 
    0.01620970480144024, 
    0.016653547063469887, 
    0.013057205826044083, 
    0.03210180252790451, 
    0.010453730821609497, 
    0.019684728235006332, 
    0.028995472937822342, 
    0.026353316381573677, 
    0.025556273758411407, 
    0.017542431131005287, 
    0.022326091304421425, 
    0.038143713027238846, 
    0.009678740054368973, 
    0.010267677716910839, 
    0.041694525629282, 
    0.02911379560828209, 
    0.016376931220293045, 
    0.04721638560295105, 
    0.01779264211654663, 
    0.017821036279201508, 
    0.06705846637487411, 
    0.028053753077983856, 
    0.01950422115623951, 
    0.02967005968093872, 
    0.013475470244884491, 
    0.0088530033826828, 
    0.02034953236579895, 
    0.01277860626578331, 
    0.03134068474173546, 
    0.015692327171564102, 
    0.03372101113200188, 
    0.006242007482796907, 
    0.016894079744815826, 
    0.01825820468366146, 
    0.01779578998684883, 
    0.008418453857302666, 
    0.046719565987586975, 
    0.013241209089756012, 
    0.03650861978530884, 
    0.015048528090119362, 
    0.029509883373975754, 
    0.01911891996860504, 
    0.027956468984484673, 
    0.02032090723514557, 
    0.015377787873148918, 
    0.01925966888666153, 
    0.01921110227704048, 
    0.03330826014280319, 
    0.016550863161683083, 
    0.014891008846461773, 
    0.020818231627345085, 
    0.05877533555030823, 
    0.010342871770262718, 
    0.02118120901286602, 
    0.020060744136571884, 
    0.01916184462606907, 
    0.047379329800605774, 
    0.011823081411421299, 
    0.01995057985186577, 
    0.017824746668338776, 
    0.015030144713819027, 
    0.026352478191256523, 
    0.014005406759679317, 
    0.01453627459704876, 
    0.009012688882648945, 
    0.013034217990934849, 
    0.01385440956801176, 
    0.013056682422757149, 
    0.007650831714272499, 
    0.09389285743236542, 
    0.025054290890693665, 
    0.004429973661899567, 
    0.03770868480205536, 
    0.009418887086212635, 
    0.025592705234885216, 
    0.04120779037475586, 
    0.02348555624485016, 
    0.0025856937281787395, 
    0.034449391067028046, 
    0.024532383307814598, 
    0.027555380016565323, 
    0.015729470178484917, 
    0.021225741133093834, 
    0.014518692158162594, 
    0.035353824496269226, 
    0.009930585511028767, 
    0.02889927662909031, 
    0.009359478019177914, 
    0.006556916516274214, 
    0.012441350147128105, 
    0.012866140343248844, 
    0.01359670888632536, 
    0.013692615553736687, 
    0.036934804171323776, 
    0.02154751867055893
]