[
    0.00847404170781374, 
    0.0014471494359895587, 
    0.22873149812221527, 
    -0.1254490166902542, 
    -0.001985082868486643, 
    -0.05194472521543503, 
    -0.05628377944231033, 
    -0.10953062027692795, 
    -0.2137618064880371, 
    0.032107193022966385, 
    0.2750096619129181, 
    0.11124136298894882, 
    -0.06523305177688599, 
    -0.09054801613092422, 
    -0.004592700861394405, 
    0.13030610978603363, 
    0.010462751612067223, 
    0.26743876934051514, 
    -0.02422189712524414, 
    -0.037824150174856186, 
    0.056473612785339355, 
    0.020779265090823174, 
    0.0754680410027504, 
    0.08753357082605362, 
    0.23809343576431274, 
    -0.05194682627916336, 
    0.04215898737311363, 
    -0.11284070461988449, 
    0.0366949699819088, 
    -0.0040150973945856094, 
    0.2214847207069397, 
    0.29013991355895996, 
    0.04814668744802475, 
    -0.07735559344291687, 
    0.16609881818294525, 
    -0.07918788492679596, 
    -0.11865651607513428, 
    -0.05178520083427429, 
    0.020485280081629753, 
    0.09715016186237335, 
    -0.08266819268465042, 
    -0.043609585613012314, 
    -0.045653123408555984, 
    0.10139746963977814, 
    0.271820068359375, 
    -0.0038016517646610737, 
    0.05097094923257828, 
    0.25533658266067505, 
    0.16370388865470886, 
    0.08782868832349777, 
    -0.09087691456079483, 
    -0.26778241991996765, 
    -0.07910148054361343, 
    0.006290124729275703, 
    0.08187524229288101, 
    -0.010581770911812782, 
    0.04764993116259575, 
    -0.11890601366758347, 
    0.006805968005210161, 
    0.05608617141842842, 
    0.12191757559776306, 
    0.08137538284063339, 
    -0.07497687637805939, 
    0.03296012803912163, 
    0.09670592099428177, 
    0.0379912443459034, 
    0.02557763271033764, 
    -0.11962427198886871, 
    -0.11498507857322693, 
    -0.014163468033075333, 
    0.18038001656532288, 
    0.22788603603839874, 
    0.06879604607820511, 
    0.20037606358528137, 
    0.2511958181858063, 
    0.06237316131591797, 
    -0.0428285151720047, 
    -0.030231956392526627, 
    0.017481191083788872, 
    -0.0428348071873188, 
    0.013574688695371151, 
    0.1558423936367035, 
    -0.11208660900592804, 
    -0.1401960551738739, 
    0.08237274736166, 
    -0.009243840351700783, 
    0.0649259090423584, 
    0.13178251683712006, 
    0.2661619484424591, 
    0.2948917746543884, 
    -0.01146252267062664, 
    0.15236173570156097, 
    -0.13434277474880219, 
    -0.012845642864704132, 
    0.2792537808418274, 
    -0.07765252143144608, 
    0.2689569592475891, 
    0.1105697825551033, 
    -0.09446647018194199, 
    -0.06810817122459412, 
    0.04552017152309418, 
    0.21306194365024567, 
    0.36887767910957336, 
    -0.13961674273014069, 
    -0.09002325683832169, 
    0.023415561765432358, 
    0.2760007083415985, 
    -0.050583094358444214, 
    0.036790136247873306, 
    -0.03237397223711014, 
    -0.13323067128658295, 
    0.10837628692388535, 
    0.06754163652658463, 
    0.09225887060165405, 
    0.06839151680469513, 
    -0.03852834925055504, 
    -0.047180406749248505, 
    -0.22670291364192963, 
    0.24975425004959106, 
    0.2413649708032608, 
    0.12650416791439056, 
    -0.013890012167394161, 
    -0.02063673920929432, 
    -0.2167702466249466, 
    -0.030138660222291946, 
    0.19502395391464233, 
    -0.15246331691741943, 
    0.07135044038295746, 
    -0.17773160338401794, 
    0.3235110342502594, 
    -0.14445416629314423, 
    -0.02587544173002243, 
    -0.024616122245788574, 
    -0.13812147080898285, 
    0.11437365412712097, 
    0.06798956543207169, 
    -0.13904127478599548, 
    -0.08507552742958069, 
    0.128936305642128, 
    0.021810606122016907, 
    0.16934411227703094, 
    -0.025941792875528336, 
    0.03451964259147644, 
    -0.03316377103328705, 
    -0.1523125320672989, 
    0.18356984853744507, 
    -0.055698465555906296, 
    0.15713368356227875, 
    -0.06878388673067093, 
    0.03991630673408508, 
    -0.06878918409347534, 
    0.18047857284545898, 
    0.20341649651527405, 
    -0.020589737221598625, 
    0.08655939996242523, 
    0.165143221616745, 
    0.08203700929880142, 
    0.0015672693261876702, 
    0.12668661773204803, 
    -0.0472753569483757, 
    0.01083461195230484, 
    -0.15304233133792877, 
    0.10033249855041504, 
    0.14510273933410645, 
    -0.014714226126670837, 
    0.30114734172821045, 
    -0.012539127841591835, 
    -0.16655977070331573, 
    -0.06622102111577988, 
    0.21449723839759827, 
    -0.13575030863285065, 
    -0.27998846769332886, 
    0.14979688823223114, 
    0.11731564253568649, 
    0.13834436237812042, 
    -0.17790628969669342, 
    -0.05716250091791153, 
    -0.047857608646154404, 
    0.24836036562919617, 
    -0.05785312503576279, 
    -0.11056987941265106, 
    -0.04619375988841057, 
    -0.1364603042602539, 
    -0.1791670173406601, 
    0.16819970309734344, 
    0.24404709041118622, 
    0.2160877138376236, 
    0.279977023601532, 
    0.06025616452097893, 
    0.04914219304919243, 
    -0.011234074831008911, 
    -0.32452812790870667, 
    -0.21826297044754028, 
    0.17833074927330017, 
    0.15528854727745056, 
    0.25355327129364014, 
    0.07897078990936279, 
    0.07586220651865005, 
    -0.07184260338544846, 
    0.027720121666789055, 
    -0.005679619032889605, 
    0.06055876612663269, 
    -0.12967664003372192, 
    0.18150049448013306, 
    0.0556623637676239, 
    0.2855952978134155, 
    0.01708821766078472, 
    -0.043633271008729935, 
    -0.17104743421077728, 
    0.10089485347270966, 
    0.13313829898834229, 
    -0.20257535576820374, 
    0.06873653829097748, 
    -0.09414095431566238, 
    0.017839759588241577, 
    -0.03841916471719742, 
    0.07218119502067566, 
    -0.01232971902936697, 
    -0.2029242068529129, 
    0.05446098372340202, 
    -0.2002413123846054, 
    -0.0688718929886818, 
    0.15834936499595642, 
    0.21804139018058777, 
    -0.009074583649635315, 
    0.0164458267390728, 
    -0.07969265431165695, 
    -0.18736015260219574, 
    -0.12900330126285553, 
    0.13483580946922302, 
    0.23888057470321655, 
    -0.1522885113954544, 
    0.08194056153297424, 
    0.12274312973022461, 
    0.03544072061777115, 
    0.028410278260707855, 
    0.03612745925784111, 
    -0.23170292377471924, 
    -0.06189227104187012, 
    -0.10997895151376724, 
    -0.09813118726015091, 
    -0.19603577256202698, 
    0.3544416129589081, 
    -0.08551964163780212, 
    -0.21235835552215576, 
    0.1872207224369049, 
    0.1645357608795166, 
    0.2559725046157837, 
    0.20190906524658203, 
    0.08814668655395508, 
    0.010478219948709011, 
    -0.03186966851353645, 
    0.1074712947010994, 
    -0.2582811713218689, 
    0.14702270925045013, 
    -0.23765906691551208, 
    -0.004015580751001835, 
    -0.024178575724363327, 
    -0.10698427259922028, 
    0.07739559561014175, 
    0.08010910451412201, 
    -0.04025318846106529, 
    -0.11534183472394943, 
    -0.09337520599365234, 
    0.050305433571338654, 
    0.05286933481693268, 
    -0.22889339923858643, 
    0.01918351650238037, 
    0.10023577511310577, 
    0.04230629280209541, 
    0.060707446187734604, 
    -0.006054748315364122, 
    0.02790679968893528, 
    -0.2557067573070526, 
    0.16636767983436584, 
    -0.17080096900463104, 
    0.14725364744663239, 
    0.2988640367984772, 
    0.014513342641294003, 
    0.06102307140827179, 
    0.015751445665955544, 
    -0.051341284066438675, 
    0.1972147822380066, 
    -0.19329500198364258, 
    -0.0726671814918518, 
    0.05516820773482323, 
    -0.05022197589278221, 
    0.2623026371002197, 
    0.11883082985877991, 
    0.1385219246149063, 
    -0.21223211288452148, 
    0.0024615738075226545, 
    0.030308347195386887, 
    0.10220354050397873, 
    -0.023946352303028107, 
    -0.047231774777173996, 
    0.14327751100063324, 
    -0.06709971278905869, 
    0.3146314322948456, 
    -0.08092033863067627, 
    0.35291218757629395, 
    -0.018142590299248695, 
    -0.042979415506124496, 
    -0.1579492688179016, 
    0.19472037255764008, 
    -0.1019960269331932, 
    -0.18146809935569763, 
    -0.03138391301035881, 
    -0.01391351968050003, 
    0.2014227658510208, 
    -0.09422539174556732, 
    -0.13070420920848846, 
    0.10997757315635681, 
    0.148830845952034, 
    -0.02238074317574501, 
    -0.16923892498016357, 
    0.07743287831544876, 
    -0.031789880245923996, 
    0.1242106482386589, 
    0.18569988012313843, 
    0.2621448040008545, 
    0.05869707837700844, 
    -0.1841675043106079, 
    0.013550782576203346, 
    -0.09552185237407684, 
    -0.014466634951531887, 
    0.22367660701274872, 
    0.15300661325454712, 
    0.029044654220342636, 
    0.1847406029701233, 
    0.026675168424844742, 
    -0.02713002823293209, 
    0.0047903056256473064, 
    0.2728639543056488, 
    -0.1173771321773529, 
    -0.0948740616440773, 
    0.059395939111709595, 
    0.1857226938009262, 
    -0.0023571744095534086, 
    -0.0027907565236091614, 
    0.0344187468290329, 
    -0.0830136388540268, 
    0.06004778668284416, 
    0.300467312335968, 
    0.14965412020683289, 
    -0.17171485722064972, 
    0.037917736917734146, 
    -0.16099344193935394, 
    -0.06247541680932045, 
    0.13386952877044678, 
    0.045066703110933304, 
    0.14119885861873627, 
    0.1861790120601654, 
    0.2872583866119385, 
    -0.0473601296544075, 
    0.2887006998062134, 
    0.19024527072906494, 
    -0.0202775988727808, 
    0.3179062306880951, 
    -0.06854458153247833, 
    -0.13704386353492737, 
    0.09143053740262985, 
    0.07909301668405533, 
    0.17844320833683014, 
    0.020763931795954704, 
    0.10722613334655762, 
    -0.14189982414245605, 
    0.20749229192733765, 
    0.021643446758389473, 
    0.09143293648958206, 
    -0.06996453553438187, 
    -0.012174726463854313, 
    0.005102434195578098, 
    -0.002166191814467311, 
    0.2389477640390396, 
    -0.01666637323796749, 
    -0.06255696713924408, 
    -0.004630922805517912, 
    0.07277344912290573, 
    0.3318721652030945, 
    -0.05651664361357689, 
    -0.09763915836811066, 
    0.37832969427108765, 
    0.30730512738227844, 
    0.0713035836815834, 
    0.00573315005749464, 
    0.15383775532245636, 
    0.18807974457740784, 
    0.18903392553329468, 
    -0.0297312680631876, 
    0.0887470468878746, 
    -0.11069903522729874, 
    0.060934554785490036, 
    0.1361032873392105, 
    -0.2710944712162018, 
    0.017098795622587204, 
    0.07766357064247131, 
    0.030932340770959854, 
    -0.0020341742783784866, 
    0.11263202130794525, 
    0.05795607715845108, 
    0.08156028389930725, 
    0.26597630977630615, 
    0.07195215672254562, 
    0.1326880007982254, 
    -0.13186419010162354, 
    0.03596212714910507, 
    -0.07173795253038406, 
    0.22712057828903198, 
    -0.15118218958377838, 
    -0.36603599786758423, 
    -0.06427139788866043, 
    0.009933264926075935, 
    -0.05956333503127098, 
    0.14284056425094604, 
    0.10940033197402954, 
    0.16286981105804443, 
    0.17421290278434753, 
    -0.004237995017319918, 
    0.30191025137901306, 
    0.16865523159503937, 
    -0.015557641163468361, 
    0.038223206996917725, 
    -0.161836177110672, 
    0.20469585061073303, 
    0.14959505200386047, 
    -0.239524707198143, 
    0.21047614514827728, 
    0.0674113780260086, 
    0.1139010563492775, 
    0.055636465549468994, 
    0.3565259277820587, 
    0.2574068307876587, 
    -0.04869275167584419, 
    0.35770484805107117, 
    0.004678613040596247, 
    -0.11475685983896255, 
    0.06993649154901505, 
    0.0967705175280571, 
    -0.12204053997993469, 
    0.18529552221298218, 
    -0.01929577626287937, 
    0.14775043725967407, 
    0.04250502958893776, 
    -0.014891993254423141, 
    0.010703427717089653, 
    -0.08742942661046982, 
    0.2492145597934723, 
    0.24666285514831543, 
    -0.050873540341854095, 
    0.09455237537622452, 
    0.2028159201145172, 
    0.3086738586425781, 
    0.1741815209388733, 
    0.024576622992753983, 
    -0.20199939608573914, 
    -0.019224194809794426, 
    0.13566304743289948, 
    0.14929337799549103, 
    0.02580023929476738, 
    0.1803111582994461, 
    0.06114143133163452, 
    -0.0030653004068881273, 
    0.025465067476034164, 
    -0.11706141382455826, 
    0.04685595631599426, 
    0.28791511058807373, 
    0.0025118475314229727, 
    0.08093318343162537, 
    -0.015400636941194534, 
    -0.015898628160357475, 
    0.020606009289622307, 
    0.276033878326416, 
    0.06561900675296783, 
    0.00047380899195559323, 
    -0.07466184347867966, 
    -0.047002024948596954, 
    -0.03888779133558273, 
    -0.1477634757757187, 
    0.16103495657444, 
    0.23356282711029053, 
    -0.06491588056087494, 
    -0.1153084933757782, 
    0.034482210874557495, 
    -0.0406080037355423, 
    0.2133786827325821, 
    0.2732350826263428, 
    -0.04245447739958763, 
    -0.11309897154569626, 
    0.2427120804786682, 
    0.01147316861897707, 
    0.2067272812128067, 
    -0.05443164333701134, 
    0.05913206562399864, 
    -0.11066403239965439, 
    0.21442200243473053, 
    0.2652905583381653, 
    -0.11939021944999695, 
    -0.10770361870527267, 
    -0.12030157446861267, 
    -0.10966324806213379, 
    -0.015056250616908073, 
    -0.31867045164108276, 
    0.25872212648391724, 
    0.15134090185165405, 
    0.0923282653093338, 
    0.23090332746505737, 
    -0.4311408996582031, 
    -0.09204187989234924, 
    -0.03331514820456505, 
    0.286793977022171, 
    -0.17964927852153778
]