[
    0.0768011286854744, 
    -0.0939231589436531, 
    0.03687312453985214, 
    -0.0533420667052269, 
    -0.1038413718342781, 
    0.16375254094600677, 
    -0.04416058585047722, 
    -0.06328104436397552, 
    -0.3449021875858307, 
    0.17661961913108826, 
    -0.001715218648314476, 
    0.10733670741319656, 
    -0.024821113795042038, 
    0.11558003723621368, 
    0.1836044043302536, 
    -0.06978899985551834, 
    0.5752635598182678, 
    0.1792384684085846, 
    0.18800821900367737, 
    -0.3034384548664093, 
    0.12671920657157898, 
    0.1836194545030594, 
    0.05138222500681877, 
    -0.11301381886005402, 
    -0.04164085164666176, 
    -0.08215641975402832, 
    -0.1657204031944275, 
    0.04996053874492645, 
    0.3995629847049713, 
    0.16235525906085968, 
    -0.008172840811312199, 
    0.13332870602607727, 
    -0.028595129027962685, 
    -0.04717346653342247, 
    0.01146980281919241, 
    0.027442455291748047, 
    0.5413982272148132, 
    -0.020772559568285942, 
    0.01237774919718504, 
    -0.06626421213150024, 
    0.06533399969339371, 
    0.029375771060585976, 
    0.025044674053788185, 
    0.003594667185097933, 
    0.1465548872947693, 
    -0.08899581432342529, 
    0.5949181318283081, 
    0.06273818761110306, 
    0.05623536929488182, 
    0.17902860045433044, 
    -0.07070094347000122, 
    0.03909562900662422, 
    -0.034853093326091766, 
    -0.1391197144985199, 
    -0.06243019178509712, 
    0.021685630083084106, 
    -0.07420798391103745, 
    -0.08369740843772888, 
    -0.1148095354437828, 
    0.19185294210910797, 
    -0.035014741122722626, 
    0.27467793226242065, 
    -0.04069068655371666, 
    0.25974398851394653, 
    -0.03357994928956032, 
    -0.2656072974205017, 
    0.035975582897663116, 
    0.17137829959392548, 
    0.06156636402010918, 
    0.12643346190452576, 
    -0.24120129644870758, 
    -0.02840631641447544, 
    -0.2323504090309143, 
    0.3588339686393738, 
    0.16300182044506073, 
    0.18832974135875702, 
    -0.025378495454788208, 
    0.3710377812385559, 
    -0.014605378732085228, 
    0.1794026643037796, 
    0.12554854154586792, 
    -0.12152637541294098, 
    -0.18922966718673706, 
    -0.00143133953679353, 
    0.1933022290468216, 
    -0.11323611438274384, 
    0.046441689133644104, 
    0.29551249742507935, 
    -0.13104087114334106, 
    -0.15875482559204102, 
    0.3830423653125763, 
    0.05437736585736275, 
    0.18368206918239594, 
    -0.08882184326648712, 
    -0.10679467022418976, 
    -0.024706915020942688, 
    -0.0403779000043869, 
    0.41974571347236633, 
    0.18986202776432037, 
    -0.06769149750471115, 
    -0.013716714456677437, 
    -0.076683908700943, 
    0.11953642964363098, 
    -0.19449558854103088, 
    0.25286540389060974, 
    -0.11076279729604721, 
    -0.02351563610136509, 
    -0.024095429107546806, 
    0.2783563733100891, 
    0.1091858446598053, 
    0.4795234501361847, 
    0.18940386176109314, 
    0.03465761989355087, 
    0.07425630837678909, 
    0.0003357241803314537, 
    0.054564137011766434, 
    -0.9264336824417114, 
    0.20952671766281128, 
    -0.08226123452186584, 
    -0.016571078449487686, 
    -0.03003103658556938, 
    0.016847074031829834, 
    0.13042289018630981, 
    -0.04758831486105919, 
    -0.025380698963999748, 
    0.5375550389289856, 
    -0.017482833936810493, 
    0.07043956965208054, 
    0.1420026272535324, 
    0.02258995547890663, 
    -0.07222819328308105, 
    -0.09392038732767105, 
    -0.019857585430145264, 
    0.10417045652866364, 
    0.07485295832157135, 
    -0.13907891511917114, 
    0.06001933291554451, 
    0.05494676157832146, 
    -0.0025443697813898325, 
    -0.026684671640396118, 
    0.4200606942176819, 
    0.08483617007732391, 
    0.0652136281132698, 
    0.03980293497443199, 
    0.17990298569202423, 
    -0.0007851662230677903, 
    0.18210339546203613, 
    -0.002184821292757988, 
    -0.06544958055019379, 
    -0.010531716980040073, 
    0.07136758416891098, 
    0.06738120317459106, 
    -0.0699196606874466, 
    -0.2888835370540619, 
    0.009129262529313564, 
    -0.12003631889820099, 
    -0.2569301724433899, 
    0.0161946639418602, 
    -0.1150781586766243, 
    0.34293660521507263, 
    -0.030435126274824142, 
    0.05052771046757698, 
    -0.02320365607738495, 
    -0.12545636296272278, 
    0.30074021220207214, 
    -0.005037671886384487, 
    0.07025224715471268, 
    0.07054085284471512, 
    0.013604261912405491, 
    0.3911256790161133, 
    0.07923644036054611, 
    -0.07577823102474213, 
    0.06755845993757248, 
    0.06990598142147064, 
    0.0824911892414093, 
    0.32553568482398987, 
    0.0727405995130539, 
    0.23711764812469482, 
    0.03259386867284775, 
    0.081685371696949, 
    -0.2908017337322235, 
    0.018498776480555534, 
    0.11520092189311981, 
    -0.2096707671880722, 
    -0.09954028576612473, 
    -0.004284507129341364, 
    0.14665059745311737, 
    -0.11390098184347153, 
    -0.12656140327453613, 
    0.14802877604961395, 
    0.11108142882585526, 
    -0.007089662365615368, 
    -0.10611575096845627, 
    -0.0954713374376297, 
    0.09243416041135788, 
    0.4564484655857086, 
    0.0981522649526596, 
    0.339203417301178, 
    -0.08297577500343323, 
    0.1826518326997757, 
    -0.19106152653694153, 
    0.1426740288734436, 
    0.0822034627199173, 
    -0.05191172659397125, 
    -0.12013673037290573, 
    0.031178537756204605, 
    -0.09836474061012268, 
    0.10733886063098907, 
    -0.04675159230828285, 
    -0.45832574367523193, 
    0.09282981604337692, 
    -0.056650612503290176, 
    0.10774564743041992, 
    0.020671140402555466, 
    0.11074288934469223, 
    0.030194517225027084, 
    0.009562167339026928, 
    -0.027769526466727257, 
    0.31387320160865784, 
    0.13786371052265167, 
    0.03195035830140114, 
    0.4891687333583832, 
    0.2116125375032425, 
    0.059029411524534225, 
    -0.05322124809026718, 
    0.13590992987155914, 
    -0.10492456704378128, 
    0.5274280905723572, 
    -0.028122976422309875, 
    0.17137934267520905, 
    0.09773865342140198, 
    -0.06956443935632706, 
    0.20217719674110413, 
    -0.01955733634531498, 
    -0.10852675139904022, 
    0.021689536049962044, 
    0.17074240744113922, 
    -0.034501828253269196, 
    0.21651990711688995, 
    -0.109906405210495, 
    0.04531201347708702, 
    -0.09864572435617447, 
    -0.019927727058529854, 
    0.011086134240031242, 
    -0.19988824427127838, 
    0.6256406307220459, 
    -0.08675689250230789, 
    0.3519682288169861, 
    -0.07735537737607956, 
    0.2795569598674774, 
    -0.05991696938872337, 
    0.19982466101646423, 
    -0.10096858441829681, 
    0.14960265159606934, 
    0.0375179797410965, 
    -0.014833045192062855, 
    0.03196541965007782, 
    -0.0017184197204187512, 
    0.08569984883069992, 
    0.12211984395980835, 
    -0.061301153153181076, 
    -0.0489555187523365, 
    -0.11588966846466064, 
    0.03825308382511139, 
    -0.09882994741201401, 
    -0.01347385160624981, 
    -0.34561532735824585, 
    0.10728513449430466, 
    0.34052774310112, 
    -0.08170127868652344, 
    0.0022369700018316507, 
    0.10502708703279495, 
    -0.022623268887400627, 
    0.0483919158577919, 
    0.10921629518270493, 
    0.007291590329259634, 
    0.3402192294597626, 
    -0.0482800155878067, 
    -0.019021086394786835, 
    0.016000812873244286, 
    -0.011744366027414799, 
    0.05221085622906685, 
    0.3309750258922577, 
    0.047995585948228836, 
    0.2998335361480713, 
    0.23704831302165985, 
    0.031275343149900436, 
    0.0966322049498558, 
    -0.11495054513216019, 
    -0.03062840923666954, 
    0.2678903639316559, 
    -0.03458375111222267, 
    0.14398443698883057, 
    0.014725103974342346, 
    -0.12154132127761841, 
    -0.14359113574028015, 
    0.16649043560028076, 
    0.058766044676303864, 
    -0.028749724850058556, 
    0.039411578327417374, 
    -0.029092757031321526, 
    0.08822179585695267, 
    0.014540932141244411, 
    -0.09504144638776779, 
    -0.09948042035102844, 
    0.2524414658546448, 
    -0.002024199580773711, 
    0.3095698952674866, 
    -0.20742076635360718, 
    0.2536759674549103, 
    0.15488293766975403, 
    -0.040158480405807495, 
    0.18480874598026276, 
    0.5120243430137634, 
    0.20353825390338898, 
    -0.1370997130870819, 
    -0.10033620893955231, 
    0.06312369555234909, 
    0.11914102733135223, 
    -0.11096163094043732, 
    0.27646908164024353, 
    -0.0848187655210495, 
    0.0156976580619812, 
    -0.06725933402776718, 
    -0.047675032168626785, 
    0.13930916786193848, 
    0.10559698194265366, 
    0.042014043778181076, 
    0.2320953905582428, 
    0.09265772253274918, 
    -0.04597241431474686, 
    -0.12906992435455322, 
    -0.06807640939950943, 
    0.045802898705005646, 
    -0.12740671634674072, 
    -0.012766918167471886, 
    0.4406835734844208, 
    0.06415405124425888, 
    0.1306578367948532, 
    0.1455526053905487, 
    0.06592106819152832, 
    0.11062287539243698, 
    -0.011321449652314186, 
    0.14236681163311005, 
    -0.10614334046840668, 
    -0.03179673105478287, 
    -0.15074577927589417, 
    0.008560794405639172, 
    0.20650330185890198, 
    0.26532870531082153, 
    -0.026486171409487724, 
    0.401385098695755, 
    0.002913185628131032, 
    0.10263083875179291, 
    0.18116942048072815, 
    0.2598225176334381, 
    0.05048655718564987, 
    0.004893197678029537, 
    0.026875343173742294, 
    -0.10575543344020844, 
    -0.21327733993530273, 
    -0.14698287844657898, 
    -0.017548371106386185, 
    -0.06037236750125885, 
    -0.13073520362377167, 
    0.07364314049482346, 
    -0.025675445795059204, 
    0.027368763461709023, 
    -0.20089998841285706, 
    0.06776467710733414, 
    -0.034819524735212326, 
    -0.07284025847911835, 
    -0.010289255529642105, 
    0.02728748694062233, 
    -0.01835528574883938, 
    0.4650534689426422, 
    0.06572525203227997, 
    0.01808827929198742, 
    0.24305365979671478, 
    0.0746874138712883, 
    0.17327475547790527, 
    0.09321855008602142, 
    0.10542502999305725, 
    0.0762699693441391, 
    -0.031537894159555435, 
    0.2084767073392868, 
    -0.04363337904214859, 
    0.15967246890068054, 
    0.006874381098896265, 
    0.00020052776380907744, 
    -0.11568105220794678, 
    -0.1576160043478012, 
    -0.0533134751021862, 
    0.23215772211551666, 
    0.10886641591787338, 
    0.16142112016677856, 
    -0.011916076764464378, 
    -0.05714835226535797, 
    -0.04196915775537491, 
    0.14219579100608826, 
    0.15241235494613647, 
    -0.03459585830569267, 
    -0.007164694368839264, 
    0.14690694212913513, 
    0.25515252351760864, 
    -0.26433849334716797, 
    -0.12645544111728668, 
    -0.013884339481592178, 
    -0.09263047575950623, 
    0.03189830854535103, 
    0.1268368661403656, 
    0.3063715100288391, 
    0.1753486692905426, 
    0.2275736927986145, 
    -0.030124951153993607, 
    0.24919088184833527, 
    -0.08110648393630981, 
    -0.13092224299907684, 
    -0.12660588324069977, 
    0.2560766637325287, 
    -0.04901266098022461, 
    -0.03118026815354824, 
    0.0006403934094123542, 
    -0.04027358815073967, 
    0.006706672720611095, 
    -0.012655218131840229, 
    0.10796960443258286, 
    -0.1091473326086998, 
    -0.0008286373922601342, 
    -0.14324724674224854, 
    0.07377002388238907, 
    0.14209136366844177, 
    -0.05187244340777397, 
    -0.1773475855588913, 
    0.1393384486436844, 
    -0.0037051464896649122, 
    -0.0929252952337265, 
    -0.005865102633833885, 
    0.16882753372192383, 
    -0.08872808516025543, 
    0.058654822409152985, 
    0.045760370790958405, 
    -0.16582798957824707, 
    0.11707968264818192, 
    0.1800994873046875, 
    0.026520470157265663, 
    0.1720135658979416, 
    -0.06174692139029503, 
    -0.05095003545284271, 
    0.1786913126707077, 
    0.2722070515155792, 
    0.15862540900707245, 
    0.47060927748680115, 
    0.08974649012088776, 
    0.05840378627181053, 
    0.6021493673324585, 
    0.06802039593458176, 
    0.03507102280855179, 
    0.24326032400131226, 
    0.12749677896499634, 
    0.12086502462625504, 
    0.018727628514170647, 
    0.045315127819776535, 
    0.1287379413843155, 
    0.22457240521907806, 
    0.1685750037431717, 
    -0.007370912469923496, 
    0.12546326220035553, 
    0.07078202813863754, 
    0.15672411024570465, 
    -0.06724768877029419, 
    -0.0799049586057663, 
    -0.032147910445928574, 
    0.1432407796382904, 
    0.023022649809718132, 
    -0.06383902579545975, 
    0.1405838131904602, 
    -0.1768161654472351, 
    0.10513252019882202, 
    0.011550800874829292, 
    0.44696882367134094, 
    -0.028401507064700127, 
    -0.058052487671375275, 
    0.15154798328876495, 
    0.4795345664024353, 
    0.43584638833999634, 
    -0.09457046538591385, 
    0.16266196966171265, 
    0.04072270914912224, 
    0.3790287673473358, 
    -0.10756229609251022, 
    -0.0916609913110733, 
    0.300373375415802, 
    -0.047162532806396484, 
    -0.11814451962709427, 
    -0.024820832535624504, 
    0.03313539922237396, 
    0.09065359085798264, 
    0.11524739861488342, 
    -0.05497227609157562, 
    -0.033931683748960495, 
    0.5109577178955078, 
    -0.04131241887807846, 
    0.07246461510658264, 
    0.15436230599880219, 
    -0.09620212763547897, 
    -0.3168114423751831, 
    0.1127680242061615, 
    0.004040098283439875, 
    0.041137415915727615, 
    -0.0483250692486763, 
    0.12504538893699646
]