[
    0.17580778896808624, 
    0.2806051969528198, 
    0.26911839842796326, 
    0.16928760707378387, 
    0.2666700780391693, 
    0.2463909536600113, 
    0.1965835988521576, 
    0.26662734150886536, 
    0.2474561333656311, 
    0.3177171051502228, 
    0.22067958116531372, 
    0.24356716871261597, 
    0.2417900264263153, 
    0.25265049934387207, 
    0.28048962354660034, 
    0.1923588067293167, 
    0.2934077978134155, 
    0.1694754660129547, 
    0.14877541363239288, 
    0.2951008081436157, 
    0.22600221633911133, 
    0.2127322554588318, 
    0.2101038694381714, 
    0.2571824789047241, 
    0.2569361627101898, 
    0.21888062357902527, 
    0.21467970311641693, 
    0.2758401930332184, 
    0.2514282166957855, 
    0.21547427773475647, 
    0.3222042918205261, 
    0.3009902834892273, 
    0.2428068369626999, 
    0.2665081322193146, 
    0.2471284121274948, 
    0.14334779977798462, 
    0.3049818277359009, 
    0.2558934688568115, 
    0.24056246876716614, 
    0.22192002832889557, 
    0.28642526268959045, 
    0.2694171667098999, 
    0.2624351978302002, 
    0.23676425218582153, 
    0.23191282153129578, 
    0.21160873770713806, 
    0.20922310650348663, 
    0.22595922648906708, 
    0.26507487893104553, 
    0.12199722230434418, 
    0.19136610627174377, 
    0.15350961685180664, 
    0.3153444826602936, 
    0.17091557383537292, 
    0.2621583342552185, 
    0.28422659635543823, 
    0.16287554800510406, 
    0.26239633560180664, 
    0.25547242164611816, 
    0.2448112666606903, 
    0.26875564455986023, 
    0.2874525189399719, 
    0.259248286485672, 
    0.21233069896697998, 
    0.18199323117733002, 
    0.34869876503944397, 
    0.2461952418088913, 
    0.2640121579170227, 
    0.2453392893075943, 
    0.21036137640476227, 
    0.3030525743961334, 
    0.23372657597064972, 
    0.27875643968582153, 
    0.15499287843704224, 
    0.23150692880153656, 
    0.27440908551216125, 
    0.16332754492759705, 
    0.2631310522556305, 
    0.18024593591690063, 
    0.22084151208400726, 
    0.25823965668678284, 
    0.30463942885398865, 
    0.31374821066856384, 
    0.2410494089126587, 
    0.3138234317302704, 
    0.2569306790828705, 
    0.29156193137168884, 
    0.22374239563941956, 
    0.1959705650806427, 
    0.23641371726989746, 
    0.26769134402275085, 
    0.2845015227794647, 
    0.25652015209198, 
    0.33905860781669617, 
    0.26992473006248474, 
    0.20824192464351654, 
    0.26965469121932983, 
    0.31876489520072937, 
    0.18719647824764252, 
    0.21358738839626312, 
    0.2424936443567276, 
    0.19819952547550201, 
    0.28912827372550964, 
    0.30619025230407715, 
    0.3042469322681427, 
    0.21090424060821533, 
    0.11295811831951141, 
    0.14619548618793488, 
    0.15833260118961334, 
    0.22303424775600433, 
    0.12905490398406982, 
    0.26868492364883423, 
    0.22822079062461853, 
    0.284662663936615, 
    0.2966320812702179, 
    0.1664956957101822, 
    0.18182796239852905, 
    0.17973299324512482, 
    0.29062288999557495, 
    0.2991780936717987, 
    0.2551816701889038, 
    0.22583656013011932, 
    0.21072208881378174, 
    0.20316429436206818, 
    0.279110312461853, 
    0.23752053081989288, 
    0.2646629512310028, 
    0.2597258687019348, 
    0.21773386001586914, 
    0.2905031740665436, 
    0.20089541375637054, 
    0.24415023624897003, 
    0.2660779356956482, 
    0.22231799364089966, 
    0.19554473459720612, 
    0.28126344084739685, 
    0.27757880091667175, 
    0.28700289130210876, 
    0.2597396969795227, 
    0.12324164062738419, 
    0.23643623292446136, 
    0.23459140956401825, 
    0.2795536518096924, 
    0.23703515529632568, 
    0.13758477568626404, 
    0.30142125487327576, 
    0.24642352759838104, 
    0.2029518187046051, 
    0.2164488285779953, 
    0.2150290608406067, 
    0.152279332280159, 
    0.222532257437706, 
    0.17773915827274323, 
    0.332627534866333, 
    0.23227602243423462, 
    0.3002621829509735, 
    0.2787367105484009, 
    0.2446017861366272, 
    0.23572427034378052, 
    0.1842988282442093, 
    0.21064230799674988, 
    0.11545934528112411, 
    0.20511704683303833, 
    0.20492510497570038, 
    0.2878807783126831, 
    0.21542049944400787, 
    0.133428156375885, 
    0.33870387077331543, 
    0.20004190504550934, 
    0.26065385341644287, 
    0.2572529911994934, 
    0.2802708148956299, 
    0.29236486554145813, 
    0.2159689962863922, 
    0.24283790588378906, 
    0.26838016510009766, 
    0.10758215934038162, 
    0.19222775101661682, 
    0.26036137342453003, 
    0.2213500589132309, 
    0.2953370213508606, 
    0.2695039212703705, 
    0.2676011621952057, 
    0.23533685505390167, 
    0.14353671669960022, 
    0.184111088514328, 
    0.22263884544372559, 
    0.21431507170200348, 
    0.24619565904140472, 
    0.1876816302537918, 
    0.22123077511787415, 
    0.20409421622753143, 
    0.24761998653411865, 
    0.2582680583000183, 
    0.174233540892601, 
    0.15585410594940186, 
    0.29902756214141846, 
    0.31329426169395447, 
    0.1996408849954605, 
    0.2664770185947418, 
    0.23719391226768494, 
    0.2989981472492218, 
    0.24615100026130676, 
    0.2993971109390259, 
    0.18946991860866547, 
    0.24274857342243195, 
    0.2515801787376404, 
    0.23490040004253387, 
    0.2731873691082001, 
    0.2675915062427521, 
    0.295370876789093, 
    0.2998146116733551, 
    0.24878562986850739, 
    0.19294029474258423, 
    0.2194293588399887, 
    0.28913673758506775, 
    0.1945093721151352, 
    0.1572486311197281, 
    0.27173912525177, 
    0.25551021099090576, 
    0.21856576204299927, 
    0.18980254232883453, 
    0.16145852208137512, 
    0.1660582423210144, 
    0.26910021901130676, 
    0.10972017794847488, 
    0.25028276443481445, 
    0.33817413449287415, 
    0.2413417100906372, 
    0.12503276765346527, 
    0.22144462168216705, 
    0.21456484496593475, 
    0.27416712045669556, 
    0.29692167043685913, 
    0.1642930507659912, 
    0.22786922752857208, 
    0.24393896758556366, 
    0.24293068051338196, 
    0.2673130929470062, 
    0.1998642235994339, 
    0.15166130661964417, 
    0.24438726902008057, 
    0.2549920380115509, 
    0.17651794850826263, 
    0.2300463318824768, 
    0.2807212769985199, 
    0.17619113624095917, 
    0.22165332734584808, 
    0.2854948937892914, 
    0.255431205034256, 
    0.22139786183834076, 
    0.21737754344940186, 
    0.22346778213977814, 
    0.24160079658031464, 
    0.22137634456157684, 
    0.2133444845676422, 
    0.2117614597082138, 
    0.18778233230113983, 
    0.2727483808994293, 
    0.25884169340133667, 
    0.3040015399456024, 
    0.23208904266357422, 
    0.19416272640228271, 
    0.23480111360549927, 
    0.244854137301445, 
    0.21007278561592102, 
    0.19412283599376678, 
    0.2506149113178253, 
    0.150604248046875, 
    0.08943832665681839, 
    0.32177406549453735, 
    0.23055823147296906, 
    0.25149133801460266, 
    0.2052409052848816, 
    0.313292920589447, 
    0.2340131402015686, 
    0.37029948830604553, 
    0.22283951938152313, 
    0.25844547152519226, 
    0.16661863029003143, 
    0.20686177909374237, 
    0.09427152574062347, 
    0.28051915764808655, 
    0.30163779854774475, 
    0.28492799401283264, 
    0.21629022061824799, 
    0.23985929787158966, 
    0.26353228092193604, 
    0.2550833225250244, 
    0.2391759604215622, 
    0.1934896558523178, 
    0.2516920268535614, 
    0.32962456345558167, 
    0.250179648399353, 
    0.2290462702512741, 
    0.1565980315208435, 
    0.16231514513492584, 
    0.3252983093261719, 
    0.19795680046081543, 
    0.2257193624973297, 
    0.20863501727581024, 
    0.2059905230998993, 
    0.30962833762168884, 
    0.1315528005361557, 
    0.17842255532741547, 
    0.3088495433330536, 
    0.24620187282562256, 
    0.23020927608013153, 
    0.2532168924808502, 
    0.31304633617401123, 
    0.2466769814491272, 
    0.18292966485023499, 
    0.18318045139312744, 
    0.17870837450027466, 
    0.1883264034986496, 
    0.21286970376968384, 
    0.1621619313955307, 
    0.24204440414905548, 
    0.2857717275619507, 
    0.1825072020292282, 
    0.257733017206192, 
    0.2531788647174835, 
    0.23846092820167542, 
    0.26007190346717834, 
    0.16765466332435608, 
    0.13541185855865479, 
    0.2605876326560974, 
    0.13158965110778809, 
    0.20182442665100098, 
    0.2564978301525116, 
    0.29731807112693787, 
    0.19801729917526245, 
    0.22268284857273102, 
    0.2717718482017517, 
    0.19727188348770142, 
    0.1893269568681717, 
    0.2380506694316864, 
    0.1207670196890831, 
    0.24919573962688446, 
    0.19832006096839905, 
    0.22963988780975342, 
    0.2865881323814392, 
    0.24355681240558624, 
    0.23743337392807007, 
    0.2061559557914734, 
    0.17960494756698608, 
    0.2625616192817688, 
    0.20731376111507416, 
    0.2259860783815384, 
    0.236737921833992, 
    0.24043233692646027, 
    0.22760739922523499, 
    0.24559073150157928, 
    0.1730465143918991, 
    0.2587539255619049, 
    0.27046212553977966, 
    0.16558432579040527, 
    0.27777770161628723, 
    0.31637701392173767, 
    0.26922720670700073, 
    0.32094836235046387, 
    0.2274797558784485, 
    0.1950409859418869, 
    0.19774436950683594, 
    0.23324675858020782, 
    0.2528770864009857, 
    0.14193665981292725, 
    0.3203074634075165, 
    0.2203320860862732, 
    0.15040339529514313, 
    0.21640846133232117, 
    0.20603378117084503, 
    0.15694916248321533, 
    0.18542325496673584, 
    0.2607373893260956, 
    0.27099576592445374, 
    0.2571727931499481, 
    0.2537689208984375, 
    0.26003241539001465, 
    0.30874764919281006, 
    0.23451216518878937, 
    0.25004342198371887, 
    0.2500412166118622, 
    0.18402764201164246, 
    0.2488766461610794, 
    0.2170683592557907, 
    0.24094435572624207, 
    0.2968834340572357, 
    0.24278570711612701, 
    0.22452183067798615, 
    0.21529386937618256, 
    0.19732937216758728, 
    0.2627197504043579, 
    0.20951326191425323, 
    0.26474443078041077, 
    0.2692953944206238, 
    0.28869277238845825, 
    0.13815385103225708, 
    0.18523214757442474, 
    0.21973316371440887, 
    0.27860379219055176, 
    0.21127574145793915, 
    0.16997799277305603, 
    0.17523986101150513, 
    0.19831790030002594, 
    0.2177814245223999, 
    0.18926630914211273, 
    0.2657531499862671, 
    0.28313013911247253, 
    0.1996661126613617, 
    0.2765714228153229, 
    0.16396105289459229, 
    0.23448213934898376, 
    0.15637598931789398, 
    0.19086776673793793, 
    0.16570867598056793, 
    0.2682066261768341, 
    0.2446536421775818, 
    0.22369369864463806, 
    0.22832375764846802, 
    0.18023669719696045, 
    0.1901521533727646, 
    0.33297812938690186, 
    0.20971284806728363, 
    0.23229746520519257, 
    0.25498196482658386, 
    0.17809416353702545, 
    0.2323058843612671, 
    0.22697480022907257, 
    0.26635557413101196, 
    0.2370336502790451, 
    0.16407756507396698, 
    0.19270533323287964, 
    0.2617955803871155, 
    0.213185653090477, 
    0.23714695870876312, 
    0.20289550721645355, 
    0.24145527184009552, 
    0.2708279490470886, 
    0.20146571099758148, 
    0.12382611632347107, 
    0.1500633805990219, 
    0.18664847314357758, 
    0.2401084303855896, 
    0.13631966710090637, 
    0.2780815064907074, 
    0.16079281270503998, 
    0.2766854763031006, 
    0.20982660353183746, 
    0.26490864157676697, 
    0.358921617269516, 
    0.249723881483078, 
    0.2300361543893814, 
    0.23177942633628845, 
    0.24936428666114807, 
    0.27969133853912354, 
    0.17806699872016907, 
    0.24003975093364716, 
    0.219758540391922, 
    0.28907471895217896, 
    0.24999910593032837, 
    0.2812950611114502, 
    0.23989887535572052, 
    0.24158558249473572, 
    0.23698614537715912, 
    0.28838595747947693, 
    0.29350534081459045, 
    0.20801445841789246, 
    0.24301476776599884, 
    0.20769967138767242, 
    0.2558387517929077, 
    0.2306310385465622, 
    0.2602309286594391, 
    0.3056565225124359, 
    0.2578260004520416, 
    0.24424917995929718, 
    0.25216132402420044, 
    0.2009027749300003, 
    0.21855612099170685, 
    0.18970176577568054, 
    0.21651972830295563, 
    0.19945557415485382, 
    0.18075717985630035, 
    0.17929093539714813, 
    0.26955080032348633, 
    0.17295262217521667, 
    0.19047856330871582, 
    0.27788347005844116, 
    0.2695634365081787, 
    0.23249094188213348, 
    0.18999430537223816, 
    0.13439489901065826, 
    0.2814570665359497, 
    0.24045301973819733, 
    0.23242200911045074, 
    0.12352250516414642, 
    0.20507128536701202, 
    0.18432340025901794, 
    0.14123784005641937, 
    0.18849970400333405, 
    0.287771612405777, 
    0.16435128450393677, 
    0.2222788780927658, 
    0.20980001986026764, 
    0.23310908675193787, 
    0.23072437942028046, 
    0.21460027992725372, 
    0.21809682250022888, 
    0.14799943566322327, 
    0.2458430379629135, 
    0.30051982402801514, 
    0.22319172322750092
]