[
    0.05025739222764969, 
    0.5747644901275635, 
    0.160098597407341, 
    0.36355581879615784, 
    0.19595392048358917, 
    0.0983898788690567, 
    0.401153028011322, 
    0.11708885431289673, 
    0.1525055468082428, 
    0.6115193963050842, 
    0.044767942279577255, 
    0.14751680195331573, 
    0.5466668009757996, 
    0.10964659601449966, 
    0.11383086442947388, 
    0.19009727239608765, 
    0.12812961637973785, 
    -0.062163904309272766, 
    0.11682164669036865, 
    0.2875426113605499, 
    0.15559837222099304, 
    0.23922094702720642, 
    0.1608603149652481, 
    0.42976728081703186, 
    0.1332259178161621, 
    0.643345832824707, 
    0.27976521849632263, 
    -0.012192115187644958, 
    0.11426988244056702, 
    0.19498945772647858, 
    0.3096158504486084, 
    0.39258310198783875, 
    -0.0006440723082050681, 
    0.10625078529119492, 
    0.09872554242610931, 
    0.17214547097682953, 
    0.013189268298447132, 
    0.14028696715831757, 
    0.14207491278648376, 
    0.16222962737083435, 
    0.10699265450239182, 
    0.17241616547107697, 
    -0.10668636113405228, 
    0.47265487909317017, 
    0.25609898567199707, 
    -0.1191803589463234, 
    0.13697630167007446, 
    0.14583618938922882, 
    0.14373941719532013, 
    0.3181818425655365, 
    0.14852198958396912, 
    0.1373921036720276, 
    0.38296663761138916, 
    -0.06272623687982559, 
    0.1485307663679123, 
    0.1384056806564331, 
    0.1910688281059265, 
    0.0925726443529129, 
    0.1009628102183342, 
    0.328793466091156, 
    0.012690986506640911, 
    0.15381628274917603, 
    0.18620851635932922, 
    0.4201321601867676, 
    0.12052630633115768, 
    0.28363776206970215, 
    0.2862758934497833, 
    0.2509780824184418, 
    0.1566154956817627, 
    0.06836933642625809, 
    0.3026143014431, 
    0.010368003509938717, 
    0.21967333555221558, 
    0.14773136377334595, 
    0.16327586770057678, 
    0.14523568749427795, 
    0.38091787695884705, 
    0.12654165923595428, 
    0.19898687303066254, 
    0.11167753487825394, 
    0.26711010932922363, 
    0.1835726648569107, 
    0.15411783754825592, 
    0.3050358295440674, 
    0.15638087689876556, 
    0.15027807652950287, 
    0.24882984161376953, 
    0.11555363982915878, 
    0.5268063545227051, 
    0.43316489458084106, 
    0.003994479309767485, 
    0.520929753780365, 
    0.4553779363632202, 
    0.10261064767837524, 
    0.3034476041793823, 
    0.1152338758111, 
    0.03754132241010666, 
    -0.08213237673044205, 
    0.3357192575931549, 
    0.22713960707187653, 
    0.17585602402687073, 
    0.3439822494983673, 
    0.11165304481983185, 
    0.13161805272102356, 
    0.17043231427669525, 
    0.17407508194446564, 
    0.08568821847438812, 
    0.1044880822300911, 
    0.5503236055374146, 
    0.13966387510299683, 
    0.146703839302063, 
    0.1670985072851181, 
    0.06560587882995605, 
    0.36795830726623535, 
    0.15560193359851837, 
    0.17008861899375916, 
    0.26261669397354126, 
    0.3199000656604767, 
    0.012027675285935402, 
    0.5250267386436462, 
    0.15635593235492706, 
    0.10943390429019928, 
    0.0178404338657856, 
    0.5926641821861267, 
    0.11078526079654694, 
    0.06238192319869995, 
    -0.053681034594774246, 
    -0.1915387660264969, 
    0.35197344422340393, 
    0.14593695104122162, 
    0.10786423832178116, 
    0.2728632390499115, 
    0.06220240890979767, 
    0.24660630524158478, 
    -0.10491850972175598, 
    0.0532345250248909, 
    -0.0935448706150055, 
    0.5386060476303101, 
    0.18802379071712494, 
    0.14325493574142456, 
    0.16061119735240936, 
    0.07224255800247192, 
    0.08247605711221695, 
    -0.056992288678884506, 
    0.09445934742689133, 
    0.33094292879104614, 
    0.023485183715820312, 
    0.6806208491325378, 
    -0.05100727453827858, 
    0.15377236902713776, 
    0.10017431527376175, 
    0.12599726021289825, 
    0.13623902201652527, 
    -0.0017821885412558913, 
    0.15199117362499237, 
    -0.003239499172195792, 
    0.1637047529220581, 
    0.1885768622159958, 
    0.26479464769363403, 
    0.06119220703840256, 
    0.09393578767776489, 
    0.6370407342910767, 
    -0.034253619611263275, 
    0.21758170425891876, 
    0.1407785266637802, 
    0.11025719344615936, 
    0.37132546305656433, 
    0.7732358574867249, 
    0.008684185333549976, 
    0.7711169123649597, 
    0.20033614337444305, 
    0.43899503350257874, 
    -0.43752893805503845, 
    0.12904003262519836, 
    0.12035001814365387, 
    0.12862436473369598, 
    0.04893253371119499, 
    0.14293332397937775, 
    0.16092580556869507, 
    0.09723387658596039, 
    0.19588926434516907, 
    0.15794111788272858, 
    0.7227743268013, 
    0.13464027643203735, 
    0.09963000565767288, 
    0.23447979986667633, 
    0.35973209142684937, 
    0.679707944393158, 
    0.0921933650970459, 
    0.13233733177185059, 
    0.14897185564041138, 
    0.6715624332427979, 
    0.32029372453689575, 
    0.41999706625938416, 
    -0.11816871911287308, 
    0.11266693472862244, 
    0.5169869661331177, 
    0.3482256531715393, 
    0.22180384397506714, 
    0.15256568789482117, 
    0.22981996834278107, 
    0.1024114117026329, 
    0.15132386982440948, 
    0.4806826412677765, 
    0.16097217798233032, 
    0.006549147889018059, 
    0.21762554347515106, 
    0.1285504251718521, 
    0.1471123844385147, 
    0.07925757020711899, 
    0.5477986335754395, 
    0.07518976181745529, 
    0.6538916826248169, 
    0.14646410942077637, 
    0.2012023627758026, 
    -0.32083338499069214, 
    0.195264533162117, 
    0.4240776300430298, 
    0.09990832209587097, 
    -0.028019046410918236, 
    0.17120692133903503, 
    0.1757395714521408, 
    0.7129531502723694, 
    0.15707743167877197, 
    0.11620603501796722, 
    0.03509874269366264, 
    0.607096254825592, 
    0.18805989623069763, 
    -0.01053610723465681, 
    0.17841435968875885, 
    0.1593262404203415, 
    0.33400967717170715, 
    0.16232487559318542, 
    0.07400935888290405, 
    0.19562648236751556, 
    -0.30173954367637634, 
    0.09907569736242294, 
    0.08718305081129074, 
    0.06386835873126984, 
    0.6864625215530396, 
    0.18548330664634705, 
    0.6453624367713928, 
    0.17835937440395355, 
    0.15081849694252014, 
    0.22414980828762054, 
    0.14814405143260956, 
    0.1567261517047882, 
    0.15726205706596375, 
    0.11711078882217407, 
    0.12981989979743958, 
    -0.0004575666971504688, 
    0.3958527147769928, 
    0.13017189502716064, 
    0.11244194209575653, 
    0.13971608877182007, 
    0.14148814976215363, 
    -0.06890587508678436, 
    0.5152844786643982, 
    0.26660463213920593, 
    0.10078658908605576, 
    0.04754548519849777, 
    0.1060635894536972, 
    0.18489661812782288, 
    0.286594033241272, 
    0.177506223320961, 
    0.1642749309539795, 
    0.005043355748057365, 
    0.12922406196594238, 
    0.5538879036903381, 
    0.5514727234840393, 
    0.19306182861328125, 
    0.2355499565601349, 
    0.11646274477243423, 
    0.28672081232070923, 
    0.09944235533475876, 
    -0.15191441774368286, 
    0.08236414939165115, 
    0.11727599799633026, 
    0.1328362673521042, 
    0.15242928266525269, 
    0.1065603643655777, 
    -0.20607414841651917, 
    0.24217824637889862, 
    0.03905479237437248, 
    0.25486576557159424, 
    0.1335713416337967, 
    0.012837001122534275, 
    0.18727552890777588, 
    0.7601556181907654, 
    0.1446625143289566, 
    0.48090431094169617, 
    0.12683309614658356, 
    0.5208311676979065, 
    0.40858572721481323, 
    0.3553871512413025, 
    0.16689427196979523, 
    0.27806973457336426, 
    0.19883231818675995, 
    0.1254757195711136, 
    0.16621379554271698, 
    0.11338643729686737, 
    0.1658468097448349, 
    0.13636088371276855, 
    0.1969790905714035, 
    0.006519261747598648, 
    0.12428414076566696, 
    0.16811297833919525, 
    0.08202116936445236, 
    0.14767563343048096, 
    0.1612301915884018, 
    0.3254936933517456, 
    0.19313928484916687, 
    0.49092572927474976, 
    0.1270630657672882, 
    0.28243404626846313, 
    0.02950373664498329, 
    0.5322362780570984, 
    0.14324583113193512, 
    -0.5101545453071594, 
    -0.15487785637378693, 
    0.024359870702028275, 
    0.14209580421447754, 
    0.13914990425109863, 
    0.15606242418289185, 
    0.15754413604736328, 
    0.45056989789009094, 
    0.09627341479063034, 
    0.17498525977134705, 
    0.7158392071723938, 
    0.2048298865556717, 
    0.17447473108768463, 
    0.1874224990606308, 
    0.1839941143989563, 
    0.17251376807689667, 
    0.4778856933116913, 
    0.18101085722446442, 
    0.15944130718708038, 
    0.11392251402139664, 
    0.15079231560230255, 
    0.03268278390169144, 
    0.5269510746002197, 
    0.14895813167095184, 
    0.143398717045784, 
    0.13022388517856598, 
    0.4122386574745178, 
    0.2746943235397339, 
    -0.007420167326927185, 
    -0.0033633671700954437, 
    0.18034867942333221, 
    0.1571654975414276, 
    0.12064383178949356, 
    0.2198435217142105, 
    0.09697483479976654, 
    0.1412716805934906, 
    0.0009275894262827933, 
    0.11951614171266556, 
    0.16064488887786865, 
    0.1992495059967041, 
    0.5632193684577942, 
    0.15370507538318634, 
    0.33193740248680115, 
    0.1573151797056198, 
    0.19306862354278564, 
    0.14948786795139313, 
    0.14761929214000702, 
    0.18569940328598022, 
    0.16778221726417542, 
    0.10960522294044495, 
    0.11122050136327744, 
    0.5462606549263, 
    0.1822112798690796, 
    0.3623504340648651, 
    0.1012999564409256, 
    0.17166361212730408, 
    0.18994878232479095, 
    0.20137086510658264, 
    0.14396138489246368, 
    0.0934186801314354, 
    0.5776174664497375, 
    0.17625604569911957, 
    0.46490177512168884, 
    0.5449584126472473, 
    0.16146914660930634, 
    0.09823377430438995, 
    0.137205109000206, 
    -0.007392324972897768, 
    0.1208338588476181, 
    0.082054004073143, 
    0.39695149660110474, 
    0.080482617020607, 
    0.6233236193656921, 
    0.005507266614586115, 
    0.238895446062088, 
    0.500721275806427, 
    0.19710837304592133, 
    -0.04649193584918976, 
    0.12032551318407059, 
    0.1467662751674652, 
    0.6089534163475037, 
    0.044303517788648605, 
    0.05987858027219772, 
    0.12021948397159576, 
    0.19610881805419922, 
    0.21132555603981018, 
    0.14037808775901794, 
    0.12900300323963165, 
    0.17870362102985382, 
    -0.3525771200656891, 
    0.35179832577705383, 
    0.21043570339679718, 
    0.057051677256822586, 
    0.26393967866897583, 
    -0.01362159289419651, 
    0.18476173281669617, 
    0.1871996819972992, 
    0.31241607666015625, 
    0.16633953154087067, 
    0.4646085202693939, 
    0.13548725843429565, 
    0.18203960359096527, 
    0.20173563063144684, 
    -0.16028234362602234, 
    0.2060236632823944, 
    0.17299684882164001, 
    0.11823466420173645, 
    0.13020941615104675, 
    -0.021750912070274353, 
    0.16172809898853302, 
    0.13282868266105652, 
    0.1298927366733551, 
    0.10215583443641663, 
    0.4599660336971283, 
    0.5091274380683899, 
    -0.2046906054019928, 
    0.15381744503974915, 
    0.40207037329673767, 
    0.13476210832595825, 
    0.14587225019931793, 
    -0.1669735312461853, 
    0.11825166642665863, 
    0.14356371760368347, 
    0.11984892934560776, 
    0.4896843135356903, 
    0.39747193455696106, 
    0.27025097608566284, 
    -0.30893662571907043, 
    0.5887628197669983, 
    0.2533181309700012, 
    0.1399243324995041, 
    0.14340491592884064, 
    0.5577291250228882, 
    0.11622024327516556, 
    0.3328120708465576, 
    0.17204585671424866, 
    -0.13961099088191986, 
    0.09516671299934387, 
    0.2021283507347107, 
    0.16634894907474518, 
    0.19336895644664764, 
    0.057820964604616165, 
    0.21406865119934082, 
    0.16159677505493164, 
    0.0036722286604344845, 
    0.18123462796211243, 
    0.18491660058498383, 
    0.1371544897556305, 
    0.3363065719604492, 
    0.7150144577026367, 
    0.07871164381504059, 
    0.12934231758117676, 
    0.14565615355968475, 
    0.1351604014635086, 
    0.13246513903141022, 
    -0.2467108964920044, 
    0.11591782420873642, 
    0.14789164066314697, 
    0.1769152283668518, 
    0.31143859028816223, 
    0.1741645783185959, 
    -0.02032512240111828, 
    0.146586611866951, 
    0.13781173527240753, 
    0.13056416809558868, 
    0.0759374275803566, 
    0.15025989711284637, 
    0.04810645803809166, 
    0.17921820282936096, 
    0.1121513694524765, 
    0.19217021763324738, 
    0.13860537111759186, 
    -0.02300233766436577, 
    0.1091882586479187, 
    0.48343712091445923, 
    0.011832152493298054, 
    0.15401595830917358, 
    0.1452532261610031, 
    0.21180911362171173, 
    0.1897873431444168, 
    0.11945414543151855, 
    0.12307912111282349, 
    0.1644619256258011, 
    0.09543149918317795, 
    0.2072407603263855, 
    0.16072510182857513, 
    0.17189082503318787, 
    0.2282589226961136, 
    0.11391179263591766, 
    0.35419926047325134, 
    0.723040759563446, 
    0.16918383538722992, 
    0.15015460550785065, 
    0.12853780388832092
]