[
    0.26035967469215393, 
    0.211115762591362, 
    0.18667463958263397, 
    0.20269343256950378, 
    0.30216264724731445, 
    0.18116478621959686, 
    0.24742095172405243, 
    0.31480276584625244, 
    0.2558867931365967, 
    0.2725916802883148, 
    0.45112791657447815, 
    0.41508749127388, 
    0.23961223661899567, 
    0.36004456877708435, 
    0.2423449158668518, 
    0.25658413767814636, 
    0.36137449741363525, 
    0.20381204783916473, 
    0.234221950173378, 
    0.2273438423871994, 
    0.2892830967903137, 
    0.22150005400180817, 
    0.1549520343542099, 
    0.2189953774213791, 
    0.17772293090820312, 
    0.21387764811515808, 
    0.2292252480983734, 
    0.16031043231487274, 
    0.10678733885288239, 
    0.3135598301887512, 
    0.23007632791996002, 
    0.11431075632572174, 
    0.20146405696868896, 
    0.23513437807559967, 
    0.25724270939826965, 
    0.2578426003456116, 
    0.18415185809135437, 
    0.46095937490463257, 
    0.4157733619213104, 
    0.20603914558887482, 
    0.19128726422786713, 
    0.3729217052459717, 
    0.6845787763595581, 
    0.3042183816432953, 
    0.3283706605434418, 
    0.37136489152908325, 
    0.19552095234394073, 
    0.17300695180892944, 
    0.2400328367948532, 
    0.308328241109848, 
    0.18484263122081757, 
    0.13715939223766327, 
    0.21044734120368958, 
    0.2232324779033661, 
    0.17712295055389404, 
    0.1336582750082016, 
    0.2528068423271179, 
    0.42880481481552124, 
    0.2939901649951935, 
    0.3054910898208618, 
    0.2362464815378189, 
    0.18008355796337128, 
    0.12964706122875214, 
    0.2096930742263794, 
    0.2086115926504135, 
    0.1933402121067047, 
    0.2204447239637375, 
    0.3459674119949341, 
    0.42263245582580566, 
    0.2304210662841797, 
    0.1937500536441803, 
    0.20840278267860413, 
    0.25987276434898376, 
    0.2795044779777527, 
    0.19852225482463837, 
    0.2116934210062027, 
    0.2543647587299347, 
    0.5728361010551453, 
    0.2813282310962677, 
    0.2776610553264618, 
    0.1709413081407547, 
    0.23390011489391327, 
    0.18586941063404083, 
    0.14725063741207123, 
    0.1820468008518219, 
    0.18160460889339447, 
    0.19294849038124084, 
    0.3307889997959137, 
    0.19756582379341125, 
    0.20571202039718628, 
    0.2039497196674347, 
    0.2893441617488861, 
    0.21827329695224762, 
    0.32539069652557373, 
    0.15528665482997894, 
    0.18802571296691895, 
    0.14925700426101685, 
    0.25468185544013977, 
    0.26457294821739197, 
    0.24353136122226715, 
    0.2356216460466385, 
    0.1861337572336197, 
    0.2663404643535614, 
    0.17298956215381622, 
    0.3157803416252136, 
    0.1797107756137848, 
    0.3103101849555969, 
    0.22029615938663483, 
    0.14181092381477356, 
    0.16105405986309052, 
    0.23373211920261383, 
    0.1834162026643753, 
    0.4557943046092987, 
    0.34337568283081055, 
    0.18010066449642181, 
    0.25189274549484253, 
    0.2788637578487396, 
    0.15250767767429352, 
    0.28530094027519226, 
    0.4312036633491516, 
    0.15999563038349152, 
    0.213811993598938, 
    0.30749577283859253, 
    0.3032189607620239, 
    0.3750334680080414, 
    0.19612054526805878, 
    0.2998034954071045, 
    0.16136685013771057, 
    0.366238534450531, 
    0.1578899323940277, 
    0.19938918948173523, 
    0.2473485767841339, 
    0.36264464259147644, 
    0.14633138477802277, 
    0.24601486325263977, 
    0.2573893666267395, 
    0.1621238738298416, 
    0.1485397070646286, 
    0.23631693422794342, 
    0.21339662373065948, 
    0.19273436069488525, 
    0.4127616286277771, 
    0.22645273804664612, 
    0.2847513258457184, 
    0.3344308137893677, 
    0.2295292168855667, 
    0.27277815341949463, 
    0.29833686351776123, 
    0.2360296994447708, 
    0.23926199972629547, 
    0.2199338674545288, 
    0.21488334238529205, 
    0.23855261504650116, 
    0.23538422584533691, 
    0.16906975209712982, 
    0.25789427757263184, 
    0.29102465510368347, 
    0.1972477287054062, 
    0.2024330496788025, 
    0.20785267651081085, 
    0.22233252227306366, 
    0.3607768416404724, 
    0.22210894525051117, 
    0.21264444291591644, 
    0.19130951166152954, 
    0.2546462118625641, 
    0.17590442299842834, 
    0.24107885360717773, 
    0.2754080891609192, 
    0.46451255679130554, 
    0.22910533845424652, 
    0.2595195770263672, 
    0.45138394832611084, 
    0.20070767402648926, 
    0.02496465854346752, 
    0.18679054081439972, 
    0.3285997211933136, 
    0.29980480670928955, 
    0.24777893722057343, 
    0.2730247676372528, 
    0.27666619420051575, 
    0.20212142169475555, 
    0.27998796105384827, 
    0.32382577657699585, 
    0.27641940116882324, 
    0.15115772187709808, 
    0.19153925776481628, 
    0.27194008231163025, 
    0.23377352952957153, 
    0.18309229612350464, 
    0.26535168290138245, 
    0.22520405054092407, 
    0.2244137078523636, 
    0.22043393552303314, 
    0.3855547308921814, 
    0.2671531140804291, 
    0.24152415990829468, 
    0.26052355766296387, 
    0.19697168469429016, 
    0.3726089596748352, 
    0.17656390368938446, 
    0.2858436703681946, 
    0.2263028770685196, 
    0.20322762429714203, 
    0.3771662414073944, 
    0.21152082085609436, 
    0.15262727439403534, 
    0.19028669595718384, 
    0.18926610052585602, 
    0.27063268423080444, 
    0.15153680741786957, 
    0.14573372900485992, 
    0.17824529111385345, 
    0.2615754306316376, 
    0.3280044198036194, 
    0.28461501002311707, 
    0.3409458100795746, 
    0.334958553314209, 
    0.34276193380355835, 
    0.23114454746246338, 
    0.23592637479305267, 
    0.17428965866565704, 
    0.2489488273859024, 
    0.22203107178211212, 
    0.1371079832315445, 
    0.2776627838611603, 
    0.17561441659927368, 
    0.39321672916412354, 
    0.2861795425415039, 
    0.20893174409866333, 
    0.21421343088150024, 
    0.23813150823116302, 
    0.18775537610054016, 
    0.23124948143959045, 
    0.3377661406993866, 
    0.14571169018745422, 
    0.16482888162136078, 
    0.3791548013687134, 
    0.1866082400083542, 
    0.2221219539642334, 
    0.20576466619968414, 
    0.1946573406457901, 
    0.20013964176177979, 
    0.25027841329574585, 
    0.28825050592422485, 
    0.2795298099517822, 
    0.20945018529891968, 
    0.21957774460315704, 
    0.842036247253418, 
    0.19427251815795898, 
    0.2437647581100464, 
    0.46631988883018494, 
    0.19902294874191284, 
    0.2608409821987152, 
    0.23412610590457916, 
    0.2832561135292053, 
    0.3453611135482788, 
    0.2686905562877655, 
    0.13614380359649658, 
    0.14851102232933044, 
    0.21180744469165802, 
    0.2745767831802368, 
    0.24745894968509674, 
    0.1345367431640625, 
    0.26328665018081665, 
    0.21805605292320251, 
    0.24120663106441498, 
    0.23815296590328217, 
    0.4478989839553833, 
    0.06878945976495743, 
    0.4552549421787262, 
    0.23098091781139374, 
    0.1817723512649536, 
    0.3495778441429138, 
    0.21494796872138977, 
    0.26623639464378357, 
    0.2402942180633545, 
    0.25321561098098755, 
    0.32285842299461365, 
    0.211846262216568, 
    0.43577003479003906, 
    0.17904813587665558, 
    0.2308073341846466, 
    0.29332196712493896, 
    0.2640497088432312, 
    0.21217527985572815, 
    0.32474401593208313, 
    0.23285751044750214, 
    0.2175537496805191, 
    0.2122386246919632, 
    0.15059073269367218, 
    0.3189648389816284, 
    0.31465959548950195, 
    0.2949296236038208, 
    0.3196127414703369, 
    0.11811797320842743, 
    0.14872854948043823, 
    0.18405525386333466, 
    0.33192217350006104, 
    0.20868556201457977, 
    0.25772497057914734, 
    0.3206995129585266, 
    0.5443828701972961, 
    0.2466670572757721, 
    0.23484572768211365, 
    0.18771128356456757, 
    0.24134409427642822, 
    0.16472363471984863, 
    0.20016568899154663, 
    0.23156829178333282, 
    0.15834753215312958, 
    0.23332861065864563, 
    0.23229694366455078, 
    0.22603365778923035, 
    0.263408362865448, 
    0.19182708859443665, 
    0.18756580352783203, 
    0.32148438692092896, 
    0.331540048122406, 
    0.2190190851688385, 
    0.32870423793792725, 
    0.32965806126594543, 
    0.17216254770755768, 
    0.38168051838874817, 
    0.1599642038345337, 
    0.25097957253456116, 
    0.1395573765039444, 
    0.28908368945121765, 
    0.21295765042304993, 
    0.18118354678153992, 
    0.3957931399345398, 
    0.2469761222600937, 
    0.3232573866844177, 
    0.4099156856536865, 
    0.3651216924190521, 
    0.2027830183506012, 
    0.27075791358947754, 
    0.16244754195213318, 
    0.4262043833732605, 
    0.17199119925498962, 
    0.44840726256370544, 
    0.23167389631271362, 
    0.26303577423095703, 
    0.19922949373722076, 
    0.16334755718708038, 
    0.20702441036701202, 
    0.16618134081363678, 
    0.26884725689888, 
    0.25946834683418274, 
    0.5185703635215759, 
    0.2512781023979187, 
    0.3798997104167938, 
    0.31588584184646606, 
    0.33196336030960083, 
    0.12226150929927826, 
    0.26665249466896057, 
    0.27596035599708557, 
    0.28320056200027466, 
    0.1479915976524353, 
    0.4222208261489868, 
    0.27529647946357727, 
    0.2853985130786896, 
    0.16438665986061096, 
    0.21575996279716492, 
    0.36415761709213257, 
    0.24024410545825958, 
    0.2244540899991989, 
    0.6794520020484924, 
    0.5203251242637634, 
    0.2893144190311432, 
    0.27984392642974854, 
    0.23180334270000458, 
    0.2729605734348297, 
    0.16167600452899933, 
    0.24970456957817078, 
    0.14410454034805298, 
    0.2861970365047455, 
    0.20060649514198303, 
    0.30939534306526184, 
    0.22890429198741913, 
    0.31907033920288086, 
    0.24935351312160492, 
    0.2138306200504303, 
    0.2890032231807709, 
    0.33640679717063904, 
    0.18376734852790833, 
    0.317538321018219, 
    0.2510469853878021, 
    0.3892238140106201, 
    0.20820149779319763, 
    0.18871746957302094, 
    0.18031655251979828, 
    0.18334020674228668, 
    0.26442888379096985, 
    0.18410000205039978, 
    0.2516893744468689, 
    0.21821409463882446, 
    0.1869553178548813, 
    0.12725429236888885, 
    0.19827529788017273, 
    0.29710835218429565, 
    0.24721550941467285, 
    0.2229812890291214, 
    0.16779658198356628, 
    0.24594908952713013, 
    0.2033122181892395, 
    0.2011055052280426, 
    0.4289068579673767, 
    0.3164922297000885, 
    0.3784213066101074, 
    0.23058009147644043, 
    0.20735973119735718, 
    0.20914369821548462, 
    0.3373064398765564, 
    0.21496404707431793, 
    0.21750494837760925, 
    0.13181325793266296, 
    0.1629098355770111, 
    0.30503740906715393, 
    0.3774475157260895, 
    0.26606878638267517, 
    0.27798402309417725, 
    0.1739310920238495, 
    0.25243064761161804, 
    0.3176538348197937, 
    0.256580114364624, 
    0.3365221917629242, 
    0.23956970870494843, 
    0.26285314559936523, 
    0.2064082771539688, 
    0.1695602983236313, 
    0.2567286789417267, 
    0.2076389342546463, 
    0.2950882315635681, 
    0.2424108237028122, 
    0.2859111726284027, 
    0.24054889380931854, 
    0.29897767305374146, 
    0.2198241502046585, 
    0.1919737160205841, 
    0.3946498930454254, 
    0.16257315874099731, 
    0.19482871890068054, 
    0.1464189738035202, 
    0.20987141132354736, 
    0.1627674251794815, 
    0.24134574830532074, 
    0.27390381693840027, 
    0.2542138993740082, 
    0.48326611518859863, 
    0.1277393400669098, 
    0.29811394214630127, 
    0.46971601247787476, 
    0.18521510064601898, 
    0.16718441247940063, 
    0.20745611190795898, 
    0.5059508085250854, 
    0.17970183491706848, 
    0.18164516985416412, 
    0.2338167428970337, 
    0.3101961016654968, 
    0.1519918590784073, 
    0.21360963582992554, 
    0.2612423300743103, 
    0.24404607713222504, 
    0.21781274676322937, 
    0.24267791211605072, 
    0.1875118762254715, 
    0.5228626728057861, 
    0.3570418357849121, 
    0.47292962670326233, 
    0.23380118608474731, 
    0.29213523864746094, 
    0.26625797152519226, 
    0.30798104405403137, 
    0.3436105251312256, 
    0.1624157875776291, 
    0.36517396569252014, 
    0.23229092359542847, 
    0.46428382396698, 
    0.3089686930179596, 
    0.1669430434703827, 
    0.2333676666021347, 
    0.5082339644432068, 
    0.1281490921974182, 
    0.2743525803089142, 
    0.2695621848106384, 
    0.2911372780799866, 
    0.6249529123306274, 
    0.17346453666687012, 
    0.2436496764421463, 
    0.3309326469898224, 
    0.27263686060905457, 
    0.19622451066970825, 
    0.2146395891904831, 
    0.14349611103534698, 
    0.28147706389427185, 
    0.3071487247943878, 
    0.019237741827964783, 
    0.17987290024757385, 
    0.2237713485956192, 
    0.19136673212051392, 
    0.14976871013641357, 
    0.31794503331184387, 
    0.2517085373401642, 
    0.34759798645973206, 
    0.2790324091911316, 
    0.4280704855918884, 
    0.18946309387683868, 
    0.3052319288253784, 
    0.27191072702407837, 
    0.21438957750797272
]