[
    -0.12153803557157516, 
    0.051739439368247986, 
    0.051196735352277756, 
    -0.1795782446861267, 
    0.13243503868579865, 
    -0.14699487388134003, 
    0.08266235142946243, 
    0.049992386251688004, 
    0.011479553766548634, 
    -0.09915239363908768, 
    0.11227680742740631, 
    -0.10521987825632095, 
    0.08972145617008209, 
    0.018970763310790062, 
    0.010615933686494827, 
    0.0689045786857605, 
    -0.1319984644651413, 
    -0.13072001934051514, 
    -0.08648872375488281, 
    0.046659961342811584, 
    0.043278928846120834, 
    0.05408905819058418, 
    0.00922319758683443, 
    0.05692844092845917, 
    0.053947798907756805, 
    0.016333529725670815, 
    0.1038307249546051, 
    -0.08907369524240494, 
    0.08815884590148926, 
    5.605193857299268e-45, 
    0.0676441639661789, 
    0.05471130460500717, 
    0.1026955246925354, 
    0.030997272580862045, 
    0.1055230051279068, 
    0.03685355931520462, 
    -0.006548361387103796, 
    0.04314734414219856, 
    0.03691829368472099, 
    0.05522508546710014, 
    0.16282647848129272, 
    0.05835270509123802, 
    -0.11532054841518402, 
    -0.15388423204421997, 
    0.049317095428705215, 
    -0.14711371064186096, 
    0.036534346640110016, 
    0.03728145360946655, 
    0.05952290818095207, 
    -0.062427014112472534, 
    0.0275881290435791, 
    0.036627937108278275, 
    -0.169247105717659, 
    0.047310441732406616, 
    -0.18212240934371948, 
    0.04724455624818802, 
    -0.08760905265808105, 
    0.038270480930805206, 
    -0.2192588895559311, 
    -0.07808887213468552, 
    -0.1458757519721985, 
    0.033796101808547974, 
    0.04650967940688133, 
    0.06385128200054169, 
    -0.07470572739839554, 
    -0.09011451154947281, 
    0.02935619093477726, 
    0.028709545731544495, 
    0.032979026436805725, 
    0.006950071547180414, 
    -0.1306593269109726, 
    -0.05492401123046875, 
    0.04987606778740883, 
    -0.09447228163480759, 
    -0.011538187973201275, 
    0.03221339359879494, 
    0.05634983256459236, 
    0.08722703158855438, 
    -0.11345505714416504, 
    0.043246082961559296, 
    0.009717716835439205, 
    0.04863714799284935, 
    -0.07683511823415756, 
    0.05912517383694649, 
    -0.24062150716781616, 
    0.056510038673877716, 
    0.04567474499344826, 
    0.04642059653997421, 
    -0.017933426424860954, 
    0.041221361607313156, 
    -0.151826873421669, 
    0.037711020559072495, 
    0.03476272150874138, 
    0.03486509993672371, 
    0.020288517698645592, 
    0.02785807102918625, 
    0.05951523035764694, 
    -0.11705774068832397, 
    0.03044922836124897, 
    -0.07379848510026932, 
    -0.0337427593767643, 
    -0.10472704470157623, 
    -0.052561577409505844, 
    -0.2325068563222885, 
    0.058426156640052795, 
    0.0365118570625782, 
    -0.0943787693977356, 
    0.0682363361120224, 
    0.0005756751052103937, 
    -0.23383456468582153, 
    0.07885697484016418, 
    0.08020146191120148, 
    -0.12978877127170563, 
    0.06059928238391876, 
    0.03493968024849892, 
    -0.07972104102373123, 
    0.007804593071341515, 
    -0.22088997066020966, 
    -0.12746824324131012, 
    0.01904240809381008, 
    -0.17201536893844604, 
    0.08051446080207825, 
    0.03758130967617035, 
    0.06741151958703995, 
    0.034006185829639435, 
    -0.16687987744808197, 
    0.060327090322971344, 
    0.06578832864761353, 
    0.03673060983419418, 
    -0.002640537219122052, 
    -0.11104279011487961, 
    0.04509193077683449, 
    0.02161317877471447, 
    0.03314797580242157, 
    -0.24293510615825653, 
    -0.09674404561519623, 
    -0.06904666125774384, 
    0.022395215928554535, 
    0.005748084280639887, 
    0.0474746972322464, 
    0.040884651243686676, 
    0.06670736521482468, 
    -0.05162295699119568, 
    0.022186443209648132, 
    0.05508149042725563, 
    0.03961505740880966, 
    0.04899981617927551, 
    -0.0071920775808393955, 
    0.08183535188436508, 
    0.06083618104457855, 
    -0.12796597182750702, 
    -0.030014244839549065, 
    0.05031910538673401, 
    0.04448803514242172, 
    0.011849164962768555, 
    0.027136702090501785, 
    0.07716216146945953, 
    0.0636170282959938, 
    -0.0014268085360527039, 
    0.08334863930940628, 
    0.06066679581999779, 
    0.029110491275787354, 
    0.04573987424373627, 
    0.0861780196428299, 
    -0.18106140196323395, 
    0.013006942346692085, 
    -0.1717275232076645, 
    -0.07742611318826675, 
    0.03490348160266876, 
    -0.06813322007656097, 
    0.02769247069954872, 
    -0.13404612243175507, 
    0.009258244186639786, 
    0.04666408896446228, 
    0.06314998120069504, 
    0.09304499626159668, 
    -0.10252902656793594, 
    -0.11304047703742981, 
    0.034970734268426895, 
    0.09854450821876526, 
    0.05839535966515541, 
    0.05909207835793495, 
    0.045034073293209076, 
    -0.20981064438819885, 
    0.06659475713968277, 
    0.06910845637321472, 
    0.016621258109807968, 
    0.05551396682858467, 
    0.025689497590065002, 
    0.045034073293209076, 
    0.021413534879684448, 
    0.025072941556572914, 
    0.059128452092409134, 
    0.029909972101449966, 
    -0.15259012579917908, 
    -0.1558832824230194, 
    -0.1916894167661667, 
    0.04123499244451523, 
    -0.06905940920114517, 
    0.06214052811264992, 
    -0.04283149167895317, 
    -0.12194398045539856, 
    -0.08585602790117264, 
    0.0581028014421463, 
    0.011571880429983139, 
    0.07649396359920502, 
    -0.0855233296751976, 
    0.0573844388127327, 
    0.05816468223929405, 
    0.051057856529951096, 
    -0.008623799309134483, 
    0.056747276335954666, 
    0.017365217208862305, 
    -0.16558179259300232, 
    -0.08295778930187225, 
    0.06551603972911835, 
    0.05512070283293724, 
    -0.12063110619783401, 
    0.034035760909318924, 
    0.020495831966400146, 
    0.059366364032030106, 
    0.042341504245996475, 
    0.13610759377479553, 
    0.04275142773985863, 
    5.605193857299268e-45, 
    0.037411559373140335, 
    -0.16402854025363922, 
    -0.10915780812501907, 
    -0.08824903517961502, 
    -0.09428085386753082, 
    0.03199663385748863, 
    -0.1126711368560791, 
    0.017709312960505486, 
    0.05445427447557449, 
    0.055221688002347946, 
    0.04030090942978859, 
    0.033392421901226044, 
    -0.021238001063466072, 
    -0.07960093766450882, 
    0.037116724997758865, 
    0.07864513993263245, 
    -0.06005294248461723, 
    0.07624644786119461, 
    -0.00512339873239398, 
    -0.1483127474784851, 
    0.04422229528427124, 
    -0.09476273506879807, 
    0.04603274166584015, 
    0.052884068340063095, 
    0.06655233353376389, 
    -0.1382855474948883, 
    0.056544117629528046, 
    0.1059461385011673, 
    0.08140204846858978, 
    0.03540600836277008, 
    0.03578605875372887, 
    0.0503280945122242, 
    0.009779499843716621, 
    0.04429612308740616, 
    0.0756545141339302, 
    0.03803721442818642, 
    -0.22441892325878143, 
    0.04909353330731392, 
    0.0566558800637722, 
    0.05919342488050461, 
    0.07778824865818024, 
    0.06781274080276489, 
    -0.10398317128419876, 
    0.04042283818125725, 
    -0.14999447762966156, 
    -0.15052366256713867, 
    -0.11460044980049133, 
    0.05972815677523613, 
    0.030858101323246956, 
    -0.15608841180801392, 
    0.045828551054000854, 
    0.02963588386774063, 
    0.07613400369882584, 
    0.05437726527452469, 
    0.02403322421014309, 
    -0.08258305490016937, 
    5.605193857299268e-45, 
    0.05154506862163544, 
    0.028407573699951172, 
    0.054372403770685196, 
    0.033977851271629333, 
    0.06042551249265671, 
    0.03126324713230133, 
    0.06155402213335037, 
    -0.1511489450931549, 
    -0.0022263163700699806, 
    -0.30164238810539246, 
    0.048027344048023224, 
    -0.1926775574684143, 
    0.04268478602170944, 
    0.05256900191307068, 
    0.014691267162561417, 
    -0.17670051753520966, 
    0.045599132776260376, 
    0.07249458879232407, 
    -0.2127421796321869, 
    0.026374083012342453, 
    -0.12124816328287125, 
    0.02577015571296215, 
    0.06553290784358978, 
    0.040456272661685944, 
    0.11281394958496094, 
    0.053651753813028336, 
    0.05561159923672676, 
    0.022796886041760445, 
    0.025720447301864624, 
    0.06369568407535553, 
    -0.17122086882591248, 
    0.044130198657512665, 
    0.11600088328123093, 
    0.11440877616405487, 
    0.057075925171375275, 
    0.09468479454517365, 
    -0.05262478440999985, 
    0.010123186744749546, 
    0.06528623402118683, 
    0.045569878071546555, 
    0.08239436149597168, 
    -0.1506289839744568, 
    0.03623960167169571, 
    0.03293200582265854, 
    0.019999690353870392, 
    0.04876706376671791, 
    0.011574672535061836, 
    -0.10732139647006989, 
    -0.07825488597154617, 
    0.06499301642179489, 
    0.039009977132081985, 
    -0.20021796226501465, 
    0.08072296530008316, 
    -0.13149285316467285, 
    -0.06032630801200867, 
    -0.12694358825683594, 
    0.05208326876163483, 
    0.03989243879914284, 
    -0.13941992819309235, 
    0.05314772576093674, 
    0.06247133016586304, 
    0.05222659185528755, 
    0.09583555161952972, 
    -0.18073633313179016, 
    0.10689152777194977, 
    0.06909240037202835, 
    -0.14377011358737946, 
    -0.06815535575151443, 
    0.0003245701955165714, 
    0.011753220111131668, 
    -0.14897948503494263, 
    0.026642773300409317, 
    0.05088060721755028, 
    0.026783984154462814, 
    -0.01638825610280037, 
    0.07232887297868729, 
    -0.0429486520588398, 
    -0.04213753715157509, 
    0.08393000811338425, 
    0.06835786253213882, 
    -0.26703009009361267, 
    0.05606488510966301, 
    -0.0976102352142334, 
    0.08287591487169266, 
    -0.39606916904449463, 
    0.06460856646299362, 
    -0.022526348009705544, 
    0.07787976413965225, 
    0.10649304836988449, 
    0.052175529301166534, 
    -0.04100582003593445, 
    -0.1324670910835266, 
    0.055112775415182114, 
    0.041098155081272125, 
    0.05695649981498718, 
    0.02514749951660633, 
    -0.019593555480241776, 
    0.06218947470188141, 
    -0.12390758842229843, 
    -0.14921846985816956, 
    -0.09905119240283966, 
    0.05802229046821594, 
    -0.2035108357667923, 
    -0.19796611368656158, 
    0.0330517403781414, 
    -0.14329513907432556, 
    -0.010591036640107632, 
    0.004500939045101404, 
    0.04897737503051758, 
    0.025160906836390495, 
    0.0735977366566658, 
    0.027798280119895935, 
    -0.07935094833374023, 
    -0.25034037232398987, 
    0.03428938612341881, 
    0.008948416449129581, 
    -0.013418253511190414, 
    0.04646764323115349, 
    0.028435727581381798, 
    0.004074211232364178, 
    0.05008701980113983, 
    0.014854125678539276, 
    -0.08551771938800812, 
    0.0656435415148735, 
    0.035762615501880646, 
    0.04589465633034706, 
    0.043088871985673904, 
    0.03853762522339821, 
    0.014118296094238758, 
    -0.0036253028083592653, 
    0.05716259405016899, 
    0.06419561058282852, 
    0.053798820823431015, 
    0.06093757227063179, 
    0.04102703556418419, 
    -0.14425775408744812, 
    0.09440727531909943, 
    0.07911978662014008, 
    0.11536792665719986, 
    0.07187239080667496, 
    0.03678174316883087, 
    -0.11393840610980988, 
    0.027045685797929764, 
    0.04631849378347397, 
    -0.08777977526187897, 
    -0.15281148254871368, 
    0.036545030772686005, 
    -0.09821373969316483, 
    0.07522283494472504, 
    0.03033388964831829, 
    0.04179377853870392, 
    0.07279836386442184, 
    -0.015189573168754578, 
    0.0069520119577646255, 
    -0.07252869009971619, 
    0.05862313508987427, 
    0.034193072468042374, 
    -0.13052283227443695, 
    0.10348723083734512, 
    -0.11767452955245972, 
    0.029231330379843712, 
    0.011771146208047867, 
    -0.009282777085900307, 
    0.044802360236644745, 
    0.016274427995085716, 
    0.08204968273639679, 
    0.038139212876558304, 
    -0.11088138818740845, 
    0.05951615795493126, 
    0.05567127466201782, 
    -0.040290918201208115, 
    -0.10686557739973068, 
    -0.029879845678806305, 
    0.05252493545413017, 
    0.03431805595755577, 
    0.04169697314500809, 
    0.019119933247566223, 
    0.021416375413537025, 
    0.016401035711169243, 
    -0.20644710958003998, 
    0.0448576882481575, 
    0.10737133026123047, 
    -0.25202399492263794, 
    0.014624536968767643, 
    0.03073713928461075, 
    0.06185219809412956, 
    0.026592502370476723, 
    -0.003994568716734648, 
    -0.10015267878770828, 
    -0.03584188222885132, 
    -0.20504868030548096, 
    0.021872837096452713, 
    -0.08390870690345764, 
    0.08713015913963318, 
    0.03949476778507233, 
    -0.0789431631565094, 
    0.08798466622829437, 
    0.034738603979349136, 
    -0.061084143817424774, 
    0.027084752917289734, 
    0.012092134915292263, 
    0.061231162399053574, 
    0.07387557625770569, 
    0.04471990838646889, 
    0.10634589940309525, 
    0.02172611653804779, 
    0.055329322814941406, 
    0.0595906637609005, 
    0.010110144503414631, 
    -0.18713246285915375, 
    0.13488537073135376, 
    0.02435457333922386, 
    0.09791094064712524, 
    -0.05478747934103012, 
    0.12000615894794464, 
    -0.11378375440835953, 
    0.038752615451812744, 
    0.05483633279800415, 
    -0.004194709938019514, 
    -0.01862410642206669, 
    0.03544013947248459, 
    0.02622966840863228, 
    0.029012765735387802, 
    0.026197971776127815, 
    0.037776365876197815, 
    0.1397058367729187, 
    -0.04299774393439293, 
    0.004464258905500174, 
    0.07765942811965942, 
    0.05322703346610069
]