[
    0.08558022230863571, 
    -0.28140512108802795, 
    -0.2528586685657501, 
    -0.15281082689762115, 
    -0.00037181266816332936, 
    -0.3599880337715149, 
    0.07839549332857132, 
    -0.004988992586731911, 
    -0.3447921872138977, 
    -0.2803960144519806, 
    -0.18785198032855988, 
    -0.30336514115333557, 
    -0.022274157032370567, 
    -0.2270480841398239, 
    -0.10923485457897186, 
    -0.037877701222896576, 
    -0.21266663074493408, 
    -0.19352729618549347, 
    -0.32826513051986694, 
    -0.30105268955230713, 
    -0.3304581046104431, 
    -0.13380619883537292, 
    0.24256639182567596, 
    -0.33739960193634033, 
    0.1288500279188156, 
    -0.006272122263908386, 
    -0.1624101996421814, 
    -0.010333077050745487, 
    -0.33216845989227295, 
    -0.2629411816596985, 
    -0.1511136293411255, 
    -0.275073379278183, 
    -0.14689335227012634, 
    -0.2638915479183197, 
    -0.19533340632915497, 
    -0.03907935321331024, 
    -0.011518501676619053, 
    0.15328757464885712, 
    -0.11241000145673752, 
    -0.29386794567108154, 
    -0.2615668773651123, 
    -0.2480684071779251, 
    -0.05122153088450432, 
    -0.2026163786649704, 
    0.15131232142448425, 
    0.08436280488967896, 
    -0.31740421056747437, 
    -0.17463384568691254, 
    0.016508640721440315, 
    -0.2662196755409241, 
    0.08025424927473068, 
    0.019188271835446358, 
    0.26811689138412476, 
    -0.20199748873710632, 
    -0.3125050663948059, 
    -0.07286004722118378, 
    -0.09832286834716797, 
    -0.04526650160551071, 
    -0.28969666361808777, 
    -0.19222597777843475, 
    -0.2994668483734131, 
    -0.14568093419075012, 
    -0.30258244276046753, 
    -0.31267228722572327, 
    -0.05721333250403404, 
    -0.08320026099681854, 
    0.17273470759391785, 
    -0.08862106502056122, 
    -0.01306445337831974, 
    0.060782045125961304, 
    0.054777663201093674, 
    -0.14398159086704254, 
    0.013563436456024647, 
    0.04673643037676811, 
    -0.22847777605056763, 
    -0.2716387212276459, 
    -0.09631818532943726, 
    -0.34383344650268555, 
    -0.22283294796943665, 
    -0.08696659654378891, 
    -0.1927369087934494, 
    -0.21876193583011627, 
    -0.039781518280506134, 
    -0.3276267349720001, 
    -0.18862970173358917, 
    -0.14725756645202637, 
    0.08947084844112396, 
    -0.26349619030952454, 
    -0.2335982769727707, 
    -0.1992194950580597, 
    0.036338143050670624, 
    0.04326685518026352, 
    0.08952152729034424, 
    0.03353414684534073, 
    -0.009680100716650486, 
    -0.024839889258146286, 
    -0.30998504161834717, 
    -0.09381567686796188, 
    -0.08208112418651581, 
    0.16485713422298431, 
    -0.44497573375701904, 
    -0.2965486943721771, 
    -0.2601320743560791, 
    -0.0652371197938919, 
    -0.2972237467765808, 
    0.13689890503883362, 
    -0.3130851984024048, 
    -0.2816668450832367, 
    -0.008137760683894157, 
    -0.11182797700166702, 
    -0.2961719334125519, 
    -0.2833457887172699, 
    -0.2010105550289154, 
    -0.2549683451652527, 
    -0.19240166246891022, 
    -0.16608630120754242, 
    0.178440660238266, 
    -0.3002243936061859, 
    -0.006100439000874758, 
    0.09793086349964142, 
    0.013746839016675949, 
    -0.24332544207572937, 
    -0.20916597545146942, 
    -0.21732409298419952, 
    -0.2284158319234848, 
    -0.21261686086654663, 
    -0.21429412066936493, 
    -0.2786392569541931, 
    0.056038327515125275, 
    -0.3137314021587372, 
    -0.3134671449661255, 
    -0.24581104516983032, 
    -0.25590604543685913, 
    -0.3274315893650055, 
    -0.2896174490451813, 
    -0.3299477696418762, 
    -0.13674722611904144, 
    0.06724423170089722, 
    0.005315903574228287, 
    0.07538888603448868, 
    -0.05457006022334099, 
    0.32128506898880005, 
    -0.09857956320047379, 
    -0.009901691228151321, 
    0.040613748133182526, 
    -0.01653493382036686, 
    -0.017399756237864494, 
    -0.18723540008068085, 
    0.12835070490837097, 
    -0.23181812465190887, 
    -0.05596604943275452, 
    -0.11417865753173828, 
    0.05344764515757561, 
    -0.10002995282411575, 
    -0.196212038397789, 
    -0.24250991642475128, 
    -0.22567954659461975, 
    0.006519817281514406, 
    0.22505024075508118, 
    0.029410265386104584, 
    -0.061456549912691116, 
    -0.10883727669715881, 
    -0.14224879443645477, 
    -0.24359776079654694, 
    -0.26141345500946045, 
    -0.38589975237846375, 
    -0.24728411436080933, 
    -0.17340508103370667, 
    -0.10760536044836044, 
    -0.27778923511505127, 
    -0.29366257786750793, 
    -0.11498123407363892, 
    0.06044166907668114, 
    -0.3496832847595215, 
    0.07665710151195526, 
    -0.24439556896686554, 
    -0.01598178595304489, 
    0.020375823602080345, 
    -0.12727515399456024, 
    -0.03416430950164795, 
    -0.013352558016777039, 
    -0.12217957526445389, 
    -0.16244091093540192, 
    0.09989819675683975, 
    -0.07491413503885269, 
    -0.2555546760559082, 
    -0.24811109900474548, 
    0.07762981206178665, 
    0.014310164377093315, 
    -0.2445024996995926, 
    -0.08557967096567154, 
    -0.35379037261009216, 
    -0.24472439289093018, 
    -0.24478201568126678, 
    -0.330678790807724, 
    0.02718137390911579, 
    0.08223097026348114, 
    -0.2767486870288849, 
    -0.14194293320178986, 
    0.0245345588773489, 
    -0.3170907497406006, 
    0.18278244137763977, 
    -0.32503122091293335, 
    -0.35293298959732056, 
    -0.2073342651128769, 
    -0.316654235124588, 
    -0.32646846771240234, 
    -0.10812374949455261, 
    -0.2319047600030899, 
    -0.29939842224121094, 
    -0.1660047471523285, 
    -0.20710785686969757, 
    -0.31305578351020813, 
    0.09465572983026505, 
    -0.287230908870697, 
    -0.3614265024662018, 
    -0.009043034166097641, 
    -0.3046149015426636, 
    -0.07106004655361176, 
    -0.24539382755756378, 
    -0.2374308556318283, 
    -0.008205978199839592, 
    -0.27460309863090515, 
    -0.3389989137649536, 
    0.08805859833955765, 
    0.10405757278203964, 
    -0.32065731287002563, 
    -0.049961552023887634, 
    -0.182578906416893, 
    -0.21085844933986664, 
    -0.213897243142128, 
    -0.009881666861474514, 
    0.0030998780857771635, 
    -0.2587718367576599, 
    -0.039041124284267426, 
    -0.1384812444448471, 
    -0.018505506217479706, 
    -0.31131038069725037, 
    -0.28253862261772156, 
    -0.1743801087141037, 
    -0.25999733805656433, 
    0.20289304852485657, 
    -0.14711149036884308, 
    -0.31436887383461, 
    0.15242838859558105, 
    -0.26770737767219543, 
    0.16839875280857086, 
    -0.010481281206011772, 
    0.13086414337158203, 
    -0.03016536869108677, 
    -0.16351516544818878, 
    -0.2541254162788391, 
    -0.21979044377803802, 
    0.25801581144332886, 
    -0.08448512107133865, 
    -0.15536266565322876, 
    -0.18706156313419342, 
    -0.01755167543888092, 
    -0.05207746848464012, 
    0.10057159513235092, 
    -0.008032246492803097, 
    -0.3453442454338074, 
    -0.19903190433979034, 
    0.07570304721593857, 
    -0.17741616070270538, 
    -0.2501022517681122, 
    -0.18972252309322357, 
    -0.22211942076683044, 
    -0.19063423573970795, 
    0.04086495190858841, 
    -0.3037293553352356, 
    -0.09176786988973618, 
    0.0711023285984993, 
    -0.32216790318489075, 
    -0.19246648252010345, 
    -0.22756105661392212, 
    -0.2092258632183075, 
    0.05723424628376961, 
    -0.019630316644906998, 
    -0.0720803290605545, 
    -0.2224959433078766, 
    -0.2343570739030838, 
    -0.25077173113822937, 
    -0.028034446761012077, 
    -0.08018205314874649, 
    -0.30742892622947693, 
    -0.2590307593345642, 
    -0.2636428773403168, 
    -0.2478221207857132, 
    -0.0076011852361261845, 
    0.020954228937625885, 
    -0.1382470577955246, 
    -0.19496893882751465, 
    0.23463891446590424, 
    0.06033853814005852, 
    -0.26580220460891724, 
    -0.1402541846036911, 
    -0.2219782918691635, 
    -0.2919466197490692, 
    -0.2206496000289917, 
    -0.07149911671876907, 
    -0.09393186122179031, 
    -0.25587382912635803, 
    -0.03256382420659065, 
    -0.09539985656738281, 
    -0.2296316921710968, 
    -0.2918897867202759, 
    -0.15338097512722015, 
    -0.007614729460328817, 
    -0.1499277800321579, 
    0.003598910989239812, 
    -0.044972509145736694, 
    -0.2988418936729431, 
    0.1672457903623581, 
    -0.030173156410455704, 
    0.0036967014893889427, 
    -0.27103525400161743, 
    -0.3266969621181488, 
    -0.3476867377758026, 
    -0.10014022886753082, 
    -0.27209287881851196, 
    -0.31504786014556885, 
    0.05287590250372887, 
    -0.0033646412193775177, 
    -0.2644326388835907, 
    -0.2754468619823456, 
    -0.2605207562446594, 
    0.15824416279792786, 
    0.11314776539802551, 
    -0.22449283301830292, 
    -0.26381149888038635, 
    -0.212870255112648, 
    -0.12071304023265839, 
    -0.030461512506008148, 
    0.05510465428233147, 
    -0.25096043944358826, 
    -0.23580551147460938, 
    -0.33281511068344116, 
    -0.21792060136795044, 
    -0.2681875228881836, 
    -0.3392253816127777, 
    -0.19629161059856415, 
    -0.1630123108625412, 
    -0.2689923048019409, 
    -0.2503538727760315, 
    -0.17780540883541107, 
    -0.29615262150764465, 
    -0.19927914440631866, 
    -0.2599611282348633, 
    0.07232266664505005, 
    -0.16834910213947296, 
    -0.18410268425941467, 
    -0.00891830399632454, 
    -0.29259905219078064, 
    -0.20569057762622833, 
    -0.051871225237846375, 
    -0.30290818214416504, 
    -0.10913702100515366, 
    -0.10744030028581619, 
    -0.019134527072310448, 
    -0.284478098154068, 
    -0.41246169805526733, 
    -0.2652038633823395, 
    -0.09910302609205246, 
    -0.14761748909950256, 
    -0.31426239013671875, 
    -0.11362851411104202, 
    -0.2162628471851349, 
    -0.0765625461935997, 
    -0.03510499373078346, 
    -0.005689370911568403, 
    -0.2546362578868866, 
    -0.15574170649051666, 
    -0.010580676607787609, 
    -0.29429998993873596, 
    -0.0770396888256073, 
    -0.2402244359254837, 
    -0.07918496429920197, 
    -0.2051137387752533, 
    -0.23929007351398468, 
    -0.1958351582288742, 
    -0.2301490157842636, 
    -0.3198935091495514, 
    -0.012545243836939335, 
    -0.2506067752838135, 
    -0.08134672790765762, 
    -0.062449634075164795, 
    -0.03420427814126015, 
    -0.011206944473087788, 
    -0.009016791358590126, 
    -0.19386537373065948, 
    -0.023289598524570465, 
    -0.03099537082016468, 
    -0.3142073452472687, 
    -0.2298080027103424, 
    -0.25852370262145996, 
    -0.3078608512878418, 
    0.05468409135937691, 
    -0.21095474064350128, 
    0.1226276308298111, 
    0.03773551061749458, 
    -0.2747209072113037, 
    -0.19432438910007477, 
    -0.244953915476799, 
    0.13441535830497742, 
    0.047685716301202774, 
    -0.11577416956424713, 
    -0.015788812190294266, 
    -0.33483293652534485, 
    0.0986754447221756, 
    -0.18683193624019623, 
    -0.12119860202074051, 
    -0.26888003945350647, 
    -0.1946680247783661, 
    -0.28854790329933167, 
    -0.06101234257221222, 
    -0.27822932600975037, 
    -0.027654457837343216, 
    -0.33800795674324036, 
    -0.2708064019680023, 
    -0.01636849157512188, 
    -0.08243706077337265, 
    -0.24304091930389404, 
    0.024019675329327583, 
    -0.28503912687301636, 
    -0.2682497799396515, 
    -0.39247894287109375, 
    -0.2056473046541214, 
    0.08845079690217972, 
    -0.2342158406972885, 
    -0.3606319725513458, 
    -0.24068933725357056, 
    -0.2425469011068344, 
    -0.27354007959365845, 
    -0.008322380483150482, 
    -0.31943538784980774, 
    -0.1123085543513298, 
    -0.3003963530063629, 
    0.03591446205973625, 
    -0.2205701619386673, 
    0.03439436852931976, 
    -0.22758238017559052, 
    -0.24532803893089294, 
    -0.07940701395273209, 
    -0.304630309343338, 
    -0.07013703882694244, 
    0.01489450503140688, 
    -0.2882637679576874, 
    -0.01176618505269289, 
    -0.30450138449668884, 
    -0.2741006016731262, 
    -0.047668538987636566, 
    -0.013554609380662441, 
    -0.23397575318813324, 
    -0.09486312419176102, 
    0.08671115338802338, 
    -0.3287508487701416, 
    -0.2515281140804291, 
    -0.03754275664687157, 
    -0.350010484457016, 
    -0.04161941632628441, 
    -0.2431432157754898, 
    -0.0640793889760971, 
    -0.05386241152882576, 
    -0.08474401384592056, 
    -0.02460162714123726, 
    -0.3052509129047394, 
    -0.22701986134052277, 
    -0.31794273853302, 
    -0.07876039296388626, 
    -0.23894402384757996, 
    -0.2957662343978882, 
    -0.015155925415456295, 
    -0.21833078563213348, 
    -0.20920781791210175, 
    -0.05520963296294212, 
    -0.11131972819566727, 
    0.21541297435760498, 
    -0.038632865995168686, 
    -0.008749736472964287, 
    0.012128538452088833, 
    -0.18271885812282562, 
    -0.23515646159648895, 
    -0.21651747822761536, 
    -0.3549138903617859, 
    0.169338658452034, 
    -0.0815705955028534, 
    0.1777198165655136, 
    -0.18172484636306763, 
    -0.3419581651687622, 
    -0.049958836287260056, 
    0.14498823881149292, 
    -0.024855071678757668, 
    -0.02261962555348873, 
    -0.22933995723724365, 
    0.07270429283380508, 
    -0.06914103776216507, 
    -0.03953564912080765, 
    0.02855728752911091, 
    -0.05720759928226471, 
    0.037431374192237854, 
    0.035323791205883026, 
    -0.21785438060760498, 
    0.07294979691505432, 
    0.19082693755626678, 
    -0.14952600002288818, 
    -0.2836124897003174, 
    -0.04624861478805542, 
    -0.2849501967430115, 
    -0.20017489790916443, 
    -0.024283478036522865, 
    -0.00895467959344387, 
    -0.2598104178905487, 
    -0.18767111003398895, 
    0.15980879962444305, 
    -0.306403785943985, 
    -0.05438980087637901, 
    -0.20880739390850067, 
    -0.048025332391262054, 
    -0.26651731133461, 
    -0.24857822060585022, 
    -0.2654707729816437, 
    -0.16551123559474945, 
    -0.25314849615097046, 
    -0.25315725803375244, 
    0.2197093665599823, 
    -0.23133079707622528, 
    0.08417113870382309, 
    -0.1090187057852745, 
    -0.012710096314549446, 
    0.1458362191915512, 
    -0.2866346538066864, 
    -0.16584664583206177, 
    -0.24319997429847717, 
    -0.10056772828102112, 
    -0.26763254404067993, 
    0.023898346349596977, 
    -0.009797275066375732, 
    -0.2101939469575882, 
    -0.28266382217407227, 
    -0.2021944224834442, 
    -0.26098307967185974, 
    0.0178099162876606, 
    -0.21683987975120544, 
    0.11199995130300522, 
    -0.03462665528059006, 
    -0.2727493345737457, 
    0.16228452324867249, 
    -0.17809423804283142, 
    -0.24277159571647644, 
    -0.3236779570579529, 
    0.053816959261894226, 
    -0.063944511115551, 
    -0.2853405773639679, 
    0.0007556110504083335, 
    -0.33076706528663635, 
    -0.045361537486314774, 
    -0.16296632587909698, 
    -0.3587719202041626, 
    -0.30770692229270935, 
    0.10050512105226517, 
    -0.24312502145767212, 
    -0.23089450597763062, 
    0.031138114631175995, 
    -0.02172311209142208, 
    -0.3267326354980469, 
    0.16273728013038635, 
    0.06163159757852554, 
    -0.14942598342895508, 
    -0.3019728660583496, 
    0.0038953409530222416, 
    -0.0397341251373291, 
    -0.29289084672927856, 
    -0.199724942445755, 
    0.05944962799549103, 
    -0.11044149100780487, 
    -0.01474518422037363, 
    -0.03613244742155075, 
    -0.19605299830436707, 
    0.17624230682849884, 
    0.04659147560596466, 
    -0.2779027223587036, 
    -0.21424594521522522, 
    0.056552592664957047, 
    -0.1711936593055725, 
    -0.26306620240211487, 
    -0.24095164239406586, 
    -0.32902291417121887, 
    -0.07286576181650162, 
    -0.23131980001926422, 
    -0.023767665028572083, 
    -0.33533763885498047, 
    -0.009387576952576637, 
    -0.2749361991882324, 
    -0.3146720230579376, 
    -0.2587376534938812, 
    -0.1250552535057068, 
    -0.26172155141830444, 
    -0.22378233075141907, 
    -0.28236159682273865, 
    -0.23263314366340637, 
    0.053757429122924805, 
    -0.2321183681488037, 
    -0.015698829665780067, 
    -0.28234606981277466, 
    -0.27310869097709656, 
    -0.3398049771785736, 
    0.2530411183834076, 
    -0.06771720945835114, 
    -0.17043858766555786, 
    -0.25008636713027954, 
    -0.08339089155197144, 
    -0.013769798912107944, 
    0.018309544771909714, 
    -0.19551695883274078, 
    -0.23491740226745605, 
    -0.34985214471817017, 
    0.04130406305193901, 
    0.042197562754154205, 
    -0.28392601013183594, 
    -0.0013517395127564669, 
    -0.07564923167228699, 
    0.34579718112945557, 
    -0.03621929883956909, 
    -0.3293418884277344, 
    -0.21722115576267242, 
    -0.3230353593826294, 
    -0.24049684405326843, 
    -0.1595875471830368, 
    -0.28476428985595703, 
    -0.19903463125228882, 
    -0.069099560379982, 
    -0.26788657903671265, 
    -0.1786494106054306, 
    0.004932972136884928, 
    -0.2754683196544647, 
    -0.239894837141037, 
    -0.008273384533822536, 
    -0.2960069477558136, 
    -0.1343778669834137, 
    0.09614085406064987, 
    -0.022852055728435516, 
    -0.11580982804298401, 
    -0.051303885877132416, 
    0.1845310628414154, 
    -0.1467543989419937, 
    -0.1340852677822113, 
    -0.26350560784339905, 
    0.07860979437828064, 
    -0.23535990715026855, 
    -0.3418824374675751, 
    0.11083845049142838, 
    -0.1512102484703064, 
    0.012439485639333725, 
    -0.13502290844917297, 
    -0.15966226160526276, 
    -0.2745814025402069, 
    -0.08081585168838501, 
    -0.3001266419887543, 
    -0.2478116750717163, 
    -0.19944536685943604, 
    0.04896571487188339, 
    -0.24807867407798767, 
    0.23213590681552887, 
    -0.10231029987335205, 
    -0.13295383751392365, 
    -0.015050532296299934, 
    -0.31558048725128174, 
    -0.3555942475795746, 
    -0.27016040682792664, 
    -0.27725544571876526, 
    -0.2693081200122833, 
    -0.31114280223846436, 
    -0.19790883362293243, 
    -0.25059059262275696, 
    -0.008909622207283974, 
    -0.005710661876946688, 
    0.01144502405077219, 
    0.01920066401362419, 
    0.07566836476325989, 
    -0.15564945340156555, 
    -0.27149832248687744, 
    -0.18173879384994507, 
    -0.3108483552932739, 
    -0.2814989387989044, 
    -0.19084817171096802, 
    -0.1292192041873932, 
    -0.31521832942962646, 
    0.17878849804401398, 
    -0.2100217491388321, 
    -0.19731442630290985, 
    -0.17269352078437805, 
    -0.015314855612814426, 
    -0.2634778320789337, 
    -0.14701634645462036, 
    -0.32919201254844666, 
    -0.2522107660770416, 
    0.19454409182071686, 
    -0.21473026275634766, 
    -0.01441790908575058, 
    -0.16701765358448029, 
    -0.05368568375706673, 
    0.1198180541396141, 
    0.036641910672187805, 
    -0.20079798996448517, 
    -0.2714240849018097, 
    -0.08437597006559372, 
    -0.2827948033809662, 
    -0.16375933587551117, 
    0.11290282011032104, 
    -0.1064646914601326, 
    -0.22446544468402863, 
    -0.05132255330681801, 
    -0.044801101088523865, 
    -0.3269721269607544, 
    -0.2722884714603424, 
    -0.2815367877483368, 
    -0.2906339168548584, 
    -0.0075606112368404865, 
    -0.27248725295066833, 
    -0.26435303688049316, 
    0.017121965065598488, 
    -0.06444010883569717, 
    -0.2157014012336731, 
    -0.01963968575000763, 
    -0.23579490184783936, 
    -0.2915160655975342, 
    -0.2996816337108612, 
    -0.018025867640972137, 
    -0.34804674983024597, 
    -0.019544947892427444, 
    -0.23394891619682312, 
    -0.2698976695537567, 
    -0.2827504277229309, 
    -0.16269180178642273, 
    -0.3262483775615692, 
    -0.011203492060303688, 
    0.019967811182141304, 
    -0.14254525303840637, 
    -0.2066379189491272, 
    -0.03792555257678032, 
    -0.14480721950531006, 
    -0.344753623008728, 
    -0.04742594063282013, 
    -0.3038957715034485, 
    -0.11484760046005249, 
    -0.23865264654159546, 
    -0.2861146926879883, 
    -0.19484826922416687, 
    -0.21566319465637207, 
    0.11011335998773575, 
    -0.013393867760896683, 
    -0.061785485595464706, 
    -0.23299863934516907, 
    -0.22427131235599518, 
    -0.05104457214474678, 
    -0.02839798294007778, 
    -0.010002309456467628, 
    -0.2624496817588806, 
    -0.21465493738651276, 
    0.12499731034040451, 
    -0.14205141365528107, 
    -0.23608994483947754, 
    0.03575776517391205, 
    -0.10136769711971283, 
    -0.23211759328842163, 
    -0.05542143061757088, 
    -0.17102059721946716, 
    -0.3129558265209198, 
    -0.34064725041389465, 
    -0.28826481103897095, 
    0.03246154263615608, 
    0.18454715609550476, 
    0.004588938783854246, 
    0.19848652184009552, 
    -0.31812548637390137, 
    -0.3268525004386902, 
    -0.26156488060951233, 
    0.11882150918245316, 
    -0.24322177469730377, 
    -0.20264644920825958, 
    -0.025585848838090897, 
    -0.3271920084953308, 
    -0.3153640329837799, 
    0.0702158734202385, 
    0.05801307037472725, 
    0.005088438745588064, 
    -0.31626856327056885, 
    -0.058416858315467834, 
    0.11297792941331863, 
    -0.2848413288593292, 
    -0.2887892425060272, 
    -0.08238077163696289, 
    -0.1599777489900589, 
    -0.10259390622377396, 
    -0.027032284066081047, 
    0.09579305350780487, 
    -0.2978934943675995, 
    0.04177486523985863, 
    0.011022709310054779, 
    -0.07668931782245636, 
    -0.19162970781326294, 
    0.10196491330862045, 
    0.31439122557640076, 
    -0.34574174880981445, 
    -0.27263304591178894, 
    -0.22346991300582886, 
    -0.304848849773407, 
    -0.009048223495483398, 
    0.002080021658912301, 
    0.06545696407556534, 
    -0.013315283693373203, 
    -0.12766559422016144, 
    -0.08087616413831711, 
    0.043074578046798706, 
    -0.36968091130256653, 
    -0.3520059585571289, 
    0.1720331609249115, 
    -0.19412116706371307, 
    -0.2784694731235504, 
    0.09123452752828598, 
    -0.1558946967124939, 
    -0.21469378471374512, 
    -0.04110249876976013, 
    -0.30530694127082825, 
    -0.013534762896597385, 
    -0.0032135990913957357, 
    -0.2526297867298126, 
    -0.012123385444283485, 
    -0.25083446502685547, 
    -0.21614377200603485, 
    -0.2845137119293213, 
    0.0883079320192337, 
    -0.08305181562900543, 
    -0.21046316623687744, 
    -0.0026772210840135813, 
    -0.24450376629829407, 
    0.09414535015821457, 
    -0.25968948006629944, 
    0.06816542148590088, 
    -0.08183853328227997, 
    -0.020098868757486343, 
    -0.2891188859939575, 
    0.04027711972594261, 
    -0.35800930857658386, 
    -0.13061152398586273, 
    -0.20370061695575714, 
    0.07922380417585373, 
    -0.21364323794841766, 
    -0.22602878510951996, 
    -0.21127550303936005, 
    0.07371164113283157, 
    -0.19213484227657318, 
    0.03365762159228325, 
    -0.35132238268852234, 
    -0.1368429958820343, 
    0.14756017923355103, 
    -0.26778164505958557, 
    -0.022864913567900658, 
    -0.264473021030426, 
    -0.28997868299484253, 
    -0.011588496156036854, 
    -0.0008054591598920524, 
    -0.14782553911209106, 
    0.027026180177927017, 
    -0.30208027362823486, 
    -0.24279078841209412, 
    -0.10421910881996155, 
    -0.11140146106481552, 
    -0.24091064929962158, 
    -0.2274501472711563, 
    0.04310739040374756, 
    -0.24535569548606873, 
    -0.18503206968307495, 
    -0.011410674080252647, 
    -0.26869750022888184, 
    -0.29758116602897644, 
    -0.1892920881509781, 
    -0.2800968289375305, 
    -0.01484915241599083, 
    -0.1929904669523239, 
    -0.17320461571216583, 
    -0.021264847368001938, 
    -0.22929345071315765, 
    -0.26110678911209106, 
    -0.23763889074325562, 
    -0.06454474478960037, 
    -0.05519820749759674, 
    -0.10376949608325958, 
    -0.1963050663471222, 
    -0.3031201958656311, 
    -0.03645407035946846, 
    -0.01110894326120615, 
    -0.2765735387802124, 
    -0.19463694095611572, 
    -0.15264399349689484, 
    -0.012976539321243763, 
    -0.27022626996040344, 
    -0.1507365107536316, 
    0.04514748230576515, 
    0.17704574763774872, 
    -0.049150899052619934, 
    0.02226169966161251, 
    -0.022677971050143242, 
    -0.2517562806606293, 
    -0.27873820066452026, 
    -0.0411808080971241, 
    -0.30997607111930847, 
    -0.27965542674064636, 
    -0.3089344799518585, 
    -0.10322540253400803, 
    -0.25869205594062805, 
    -0.25955432653427124, 
    -0.04467285796999931, 
    -0.22008834779262543, 
    0.06329327076673508, 
    -0.06605684757232666, 
    -0.2534577548503876, 
    -0.30257299542427063, 
    -0.2501140236854553, 
    0.03773757070302963, 
    0.18629314005374908, 
    0.07854435592889786, 
    -0.07116219401359558, 
    -0.08375824242830276, 
    -0.1730675995349884, 
    0.06406477838754654, 
    -0.32904186844825745, 
    -0.23198644816875458, 
    0.12329235672950745, 
    0.24493466317653656, 
    -0.06892100721597672, 
    -0.30367347598075867, 
    -0.020182153210043907, 
    -0.10490544140338898, 
    -0.23656383156776428, 
    0.021914875134825706, 
    -0.17759093642234802, 
    -0.24862515926361084, 
    0.016010800376534462, 
    -0.014887044206261635, 
    -0.05983453989028931, 
    -0.03162282705307007, 
    -0.26562926173210144, 
    0.13617545366287231, 
    -0.2383805215358734, 
    -0.1534043699502945, 
    -0.2810349464416504, 
    -0.28677383065223694, 
    -0.2945692837238312, 
    -0.10284208506345749, 
    -0.1958668977022171, 
    -0.1318892538547516, 
    -0.28262537717819214, 
    -0.3612792491912842, 
    -0.33696281909942627, 
    -0.1518300622701645, 
    -0.2952999174594879, 
    -0.23803086578845978, 
    -0.16744591295719147, 
    -0.2950773239135742, 
    -0.25839683413505554, 
    -0.01796719804406166, 
    -0.16714082658290863, 
    0.1368972510099411, 
    -0.22057124972343445, 
    0.02200167253613472, 
    -0.04752369597554207, 
    -0.1605576127767563, 
    -0.25976812839508057, 
    -0.2997840642929077, 
    0.07182034850120544, 
    -0.019208170473575592, 
    -0.011351319961249828, 
    -0.0319257415831089, 
    -0.29621702432632446, 
    -0.21305204927921295, 
    -0.25384020805358887, 
    -0.22879253327846527, 
    0.011035125702619553, 
    -0.2651462256908417, 
    -0.34147363901138306, 
    -0.05519386753439903, 
    -0.00658913841471076, 
    -0.03794313967227936, 
    -0.2706862688064575, 
    -0.12630347907543182, 
    -0.2646903097629547, 
    -0.2997441291809082, 
    -0.035012878477573395, 
    -0.13444869220256805, 
    -0.04132822901010513, 
    -0.2646022140979767, 
    -0.0250342208892107, 
    -0.3096963167190552, 
    -0.33557429909706116, 
    -0.3552037179470062, 
    0.03508990257978439, 
    0.2240995466709137, 
    -0.016325203701853752, 
    -0.2683348059654236, 
    -0.2336646467447281, 
    0.0024756439961493015, 
    -0.22778630256652832, 
    0.0911819115281105, 
    -0.2872246503829956, 
    -0.27719879150390625, 
    0.020057659596204758, 
    -0.016431408002972603, 
    -0.19870632886886597, 
    -0.29886358976364136, 
    -0.2194681316614151, 
    -0.05491362884640694, 
    -0.038569025695323944, 
    -0.015367167070508003, 
    -0.23289155960083008, 
    -0.3079448938369751, 
    -0.33947303891181946, 
    -0.21020308136940002, 
    -0.2431739866733551, 
    -0.01219622790813446, 
    0.16167506575584412, 
    -0.26980268955230713, 
    -0.3030067980289459
]