[
    0.08750806748867035, 
    -0.009479866363108158, 
    0.013023183681070805, 
    -0.019670315086841583, 
    -0.2597372531890869, 
    0.060011789202690125, 
    0.04771187901496887, 
    -0.01541373785585165, 
    -0.3076470196247101, 
    -0.14910323917865753, 
    0.0033406508155167103, 
    0.09256740659475327, 
    -0.004153258632868528, 
    0.03768809884786606, 
    -0.1537153720855713, 
    -0.013282818719744682, 
    -0.13086113333702087, 
    -0.02734827809035778, 
    -0.2034924477338791, 
    0.10235665738582611, 
    0.04329317435622215, 
    -0.048470377922058105, 
    0.15858417749404907, 
    0.16546279191970825, 
    -0.009034660644829273, 
    -0.004663228522986174, 
    -0.003000098979100585, 
    0.04647208750247955, 
    -0.12620964646339417, 
    -0.04089057072997093, 
    -0.030484281480312347, 
    -0.1212010458111763, 
    -0.005381486844271421, 
    0.025452667847275734, 
    0.06527090072631836, 
    0.07355362176895142, 
    -0.024930458515882492, 
    0.02318025752902031, 
    0.015042014420032501, 
    -0.022379832342267036, 
    0.061200615018606186, 
    0.018865155056118965, 
    0.04066310450434685, 
    -0.0086186109110713, 
    0.054271847009658813, 
    -0.007282721810042858, 
    0.026060177013278008, 
    0.09944852441549301, 
    0.06796267628669739, 
    -0.2762071490287781, 
    -0.03672325238585472, 
    -0.0311795212328434, 
    -0.1324717402458191, 
    -0.008146426640450954, 
    -0.04205034300684929, 
    0.08225277811288834, 
    0.10732003301382065, 
    -0.009599297307431698, 
    0.3214724361896515, 
    -0.12074390798807144, 
    -0.1597268134355545, 
    0.01139755453914404, 
    -0.015378144569694996, 
    0.09699275344610214, 
    0.014352420344948769, 
    0.04965388402342796, 
    0.033393725752830505, 
    0.06007309630513191, 
    0.0006162050412967801, 
    -0.17098507285118103, 
    0.06931112706661224, 
    0.03382006660103798, 
    0.3919605016708374, 
    0.05846847593784332, 
    -0.1188681498169899, 
    0.02600700594484806, 
    0.0371958427131176, 
    -0.008438700810074806, 
    -0.0018641370115801692, 
    -0.021755188703536987, 
    0.07597148418426514, 
    -0.007179353851824999, 
    0.37523597478866577, 
    0.005780542269349098, 
    -0.0635974258184433, 
    -0.040564846247434616, 
    -0.11667685210704803, 
    -0.11569341272115707, 
    -0.023316824808716774, 
    -0.016110876575112343, 
    0.02143961936235428, 
    -0.16062702238559723, 
    0.06679055839776993, 
    -0.0016716324025765061, 
    0.01864210143685341, 
    0.0004694216186180711, 
    0.04147520661354065, 
    -0.059477344155311584, 
    -0.18703149259090424, 
    -0.013963036239147186, 
    -0.006704812869429588, 
    -0.013721825554966927, 
    0.0705028846859932, 
    0.03835887461900711, 
    -0.006013800390064716, 
    -0.015125037170946598, 
    -0.19448770582675934, 
    -0.02063474990427494, 
    -0.12750890851020813, 
    0.07838564366102219, 
    -0.005993354134261608, 
    0.02253291755914688, 
    0.011388832703232765, 
    -0.10516435652971268, 
    0.11428377777338028, 
    -0.14320515096187592, 
    0.3047604262828827, 
    -0.010353262536227703, 
    0.06605024635791779, 
    0.04064304381608963, 
    0.019832005724310875, 
    -0.05786309763789177, 
    0.028125273063778877, 
    -0.012306646443903446, 
    0.034928321838378906, 
    0.028313005343079567, 
    -0.008085654117166996, 
    0.03151847794651985, 
    0.022556409239768982, 
    0.010938531719148159, 
    -0.0023708066437393427, 
    0.06544272601604462, 
    0.0053797089494764805, 
    -0.020427796989679337, 
    0.014360377565026283, 
    -0.04429662600159645, 
    0.06435774266719818, 
    0.003389840479940176, 
    0.10304936021566391, 
    0.055614031851291656, 
    -0.06487547606229782, 
    0.0716443583369255, 
    -0.1726711243391037, 
    -0.15753664076328278, 
    -0.21556077897548676, 
    0.029107365757226944, 
    0.07497293502092361, 
    -0.010565705597400665, 
    -0.00802516844123602, 
    -0.002973065013065934, 
    -0.16134943068027496, 
    -0.02222522348165512, 
    0.05061200261116028, 
    0.07514850050210953, 
    -0.010434839874505997, 
    -0.035071779042482376, 
    0.15443043410778046, 
    0.04922867193818092, 
    -0.029631324112415314, 
    -0.031029611825942993, 
    -0.023770365864038467, 
    -0.2175699770450592, 
    -0.0037084987852722406, 
    -0.016984639689326286, 
    0.017778417095541954, 
    -0.0064466893672943115, 
    -0.1258828043937683, 
    -0.13284102082252502, 
    0.03738062083721161, 
    0.04144490882754326, 
    0.0316070131957531, 
    -0.03415272384881973, 
    0.04639174044132233, 
    0.07216573506593704, 
    0.01750057004392147, 
    -0.004537874832749367, 
    -0.2472093105316162, 
    0.04019152373075485, 
    -0.049241889268159866, 
    0.024324879050254822, 
    0.13449232280254364, 
    0.025219960138201714, 
    0.013041284866631031, 
    0.06429015100002289, 
    -0.00873483531177044, 
    0.010603304021060467, 
    0.051201511174440384, 
    0.0288474652916193, 
    0.07676736265420914, 
    -0.014697004109621048, 
    0.13171160221099854, 
    0.13090714812278748, 
    -0.03593999892473221, 
    0.036789845675230026, 
    -0.01902814954519272, 
    -0.005131566897034645, 
    -0.21419522166252136, 
    -0.10092531889677048, 
    0.0988408774137497, 
    0.07569021731615067, 
    -0.00727461464703083, 
    -0.1557207852602005, 
    0.021932465955615044, 
    0.06924563646316528, 
    0.008259880356490612, 
    0.13735409080982208, 
    -0.018839474767446518, 
    0.059270452708005905, 
    0.006357801146805286, 
    0.2425571084022522, 
    0.028537629172205925, 
    0.04151654988527298, 
    0.049638424068689346, 
    0.008764272555708885, 
    0.09789872169494629, 
    0.012025750242173672, 
    0.016057193279266357, 
    0.022614551708102226, 
    -0.15571463108062744, 
    0.06460592150688171, 
    0.024565696716308594, 
    0.027953140437602997, 
    0.057069603353738785, 
    0.08110472559928894, 
    0.10094223916530609, 
    -0.15270407497882843, 
    -0.03569497540593147, 
    0.04894621670246124, 
    -0.002058981219306588, 
    -0.13305307924747467, 
    -0.008413076400756836, 
    -0.039659496396780014, 
    0.07153787463903427, 
    0.014125768095254898, 
    0.07048358023166656, 
    -0.010985505767166615, 
    0.05319258198142052, 
    -0.0174416396766901, 
    0.032764043658971786, 
    -0.00874079205095768, 
    0.07099579274654388, 
    -0.03133869916200638, 
    -0.0028088183607906103, 
    -0.0005616369307972491, 
    -0.041336677968502045, 
    0.10798034071922302, 
    0.08580346405506134, 
    -0.07038700580596924, 
    -0.01883808709681034, 
    0.01281413622200489, 
    -0.03778674453496933, 
    -0.08900666236877441, 
    -0.034420937299728394, 
    0.11386168748140335, 
    0.014712091535329819, 
    0.004466333892196417, 
    0.02113443799316883, 
    0.00650806026533246, 
    0.009423613548278809, 
    -0.030584027990698814, 
    -0.004843649920076132, 
    0.061821796000003815, 
    -0.030921705067157745, 
    -0.1136457547545433, 
    0.012820832431316376, 
    -0.02260085567831993, 
    0.0694737359881401, 
    -0.1942041963338852, 
    0.1368749588727951, 
    -0.1666307896375656, 
    0.09729272127151489, 
    0.023939400911331177, 
    -0.04556981101632118, 
    0.01208367571234703, 
    0.04702738672494888, 
    -0.019078955054283142, 
    0.038857441395521164, 
    -0.014841224998235703, 
    0.014751368202269077, 
    -0.019532646983861923, 
    -0.027814671397209167, 
    -0.19272053241729736, 
    0.03809410333633423, 
    -0.0821533203125, 
    0.027113059535622597, 
    -0.06922981142997742, 
    0.012117709033191204, 
    -0.12799367308616638, 
    -0.03199223428964615, 
    -0.007976635359227657, 
    -0.04714488238096237, 
    -0.0035273812245577574, 
    -0.12312792986631393, 
    0.020647363737225533, 
    -0.04541994258761406, 
    -0.014475393109023571, 
    -0.050694383680820465, 
    -0.09390020370483398, 
    -0.015978103503584862, 
    0.022777214646339417, 
    -0.01813208870589733, 
    -0.20611530542373657, 
    0.003832288784906268, 
    0.0825984925031662, 
    -0.06622523069381714, 
    0.007135599385946989, 
    0.01694631204009056, 
    -0.06276176869869232, 
    -0.05492307245731354, 
    -0.12586084008216858, 
    0.055848266929388046, 
    0.12046478688716888, 
    -0.09024697542190552, 
    0.18166832625865936, 
    0.06437115371227264, 
    -0.02942795678973198, 
    -0.023543747141957283, 
    0.10678769648075104, 
    0.07413183897733688, 
    -0.016009794548153877, 
    -0.11731067299842834, 
    -0.021733159199357033, 
    0.01013681385666132, 
    -0.04367959871888161, 
    -0.0024354453198611736, 
    -0.15428853034973145, 
    0.05540517717599869, 
    -0.28747323155403137, 
    -0.08427073806524277, 
    -0.02383974939584732, 
    0.007934167981147766, 
    -0.037765275686979294, 
    -0.0077278101816773415, 
    0.013807505369186401, 
    0.0347558930516243, 
    -0.0019055382581427693, 
    0.004695117473602295, 
    -0.21748004853725433, 
    0.12274299561977386, 
    -0.009314756840467453, 
    -0.1360974758863449, 
    -0.0188749972730875, 
    0.0029979499522596598, 
    0.12995807826519012, 
    -0.014968039467930794, 
    0.006485212594270706, 
    0.015982449054718018, 
    -0.17145870625972748, 
    0.13295908272266388, 
    0.12391339987516403, 
    0.015879187732934952, 
    -0.22779780626296997, 
    -0.02910914644598961, 
    0.05944494530558586, 
    0.08735858649015427, 
    -0.11806774884462357, 
    0.0362837053835392, 
    0.02718260884284973, 
    -0.17099690437316895, 
    -0.17959333956241608, 
    -0.3462308943271637, 
    -0.022139722481369972, 
    -0.005822259467095137, 
    0.005877576302736998, 
    -0.03508521243929863, 
    0.009754628874361515, 
    -0.2760675847530365, 
    0.10173999518156052, 
    -0.02388722263276577, 
    0.050879158079624176, 
    -0.007353279739618301, 
    -0.00865984708070755, 
    -0.26721733808517456, 
    -0.27019062638282776, 
    0.0023626021575182676, 
    -0.10452691465616226, 
    0.039711080491542816, 
    0.07423119992017746, 
    -0.011650384403765202, 
    -0.08743877708911896, 
    0.0985657349228859, 
    0.10574429482221603, 
    0.029683435335755348, 
    0.026840781792998314, 
    0.06897356361150742, 
    0.10649340599775314, 
    -0.028751924633979797, 
    0.02889707311987877, 
    0.008673141710460186, 
    0.007398319896310568, 
    0.028961678966879845, 
    0.017412004992365837, 
    0.05479016900062561, 
    -0.13007070124149323, 
    0.03961672633886337, 
    0.06230294704437256, 
    0.046852629631757736, 
    -0.004837068263441324, 
    -0.0028647047001868486, 
    0.004209291655570269, 
    0.06206440180540085, 
    0.0009182679932564497, 
    0.016167931258678436, 
    0.08799946308135986, 
    0.0009595399023965001, 
    -0.04123339429497719, 
    0.018245631828904152, 
    0.051404476165771484, 
    0.048072025179862976, 
    0.05417162552475929, 
    -0.14012473821640015, 
    -0.10289446264505386, 
    -0.007033233530819416, 
    0.015496148727834225, 
    -0.0027411591727286577, 
    0.058888278901576996, 
    0.010724513791501522, 
    -0.02414597012102604, 
    -0.01793539524078369, 
    -0.060739584267139435, 
    -0.024717655032873154, 
    0.0008334856247529387, 
    0.052671972662210464, 
    0.0022196059580892324, 
    -0.007467322051525116, 
    -0.0066804951056838036, 
    -0.014056026004254818, 
    -0.007385090924799442, 
    -0.001750189927406609, 
    -0.03067372739315033, 
    0.018829278647899628, 
    0.03244873881340027, 
    0.0006387173198163509, 
    -0.04349194094538689, 
    -0.14287927746772766, 
    -0.00506202969700098, 
    0.005470710340887308, 
    -0.0004013378347735852, 
    0.07659193873405457, 
    -0.02323228307068348, 
    -0.2692197561264038, 
    -0.04014381393790245, 
    0.06682287156581879, 
    0.10417772084474564, 
    -0.13446740806102753, 
    0.02346033602952957, 
    0.060464806854724884, 
    0.04287538304924965, 
    -0.0006349913310259581, 
    0.09574129432439804, 
    0.023060817271471024, 
    -0.2121456414461136, 
    0.05041171610355377, 
    0.04503019154071808, 
    0.037697479128837585, 
    -0.13445428013801575, 
    0.05888206139206886, 
    0.04286879301071167, 
    0.01633685827255249, 
    0.03405621275305748, 
    0.05006115883588791, 
    0.0375346839427948, 
    0.045164503157138824, 
    -0.001039927708916366, 
    0.05359747260808945, 
    0.059386108070611954, 
    0.05152692273259163, 
    0.007570353802293539, 
    0.009317641146481037, 
    0.060788799077272415, 
    0.01066587958484888, 
    -0.21832987666130066, 
    -0.08783512562513351, 
    0.007189775817096233, 
    0.015993790701031685, 
    -0.021539080888032913, 
    -0.1301298588514328, 
    0.08235964179039001, 
    0.037275757640600204, 
    0.03037077933549881, 
    -0.033280760049819946, 
    -0.014365315437316895, 
    0.006696126889437437, 
    0.05102914944291115, 
    -0.1084979921579361, 
    -0.08384907990694046, 
    0.09575560688972473, 
    0.05521233752369881, 
    0.10246853530406952, 
    -0.02672937884926796, 
    -0.0179547518491745, 
    -0.20041947066783905, 
    -0.07923956960439682, 
    -0.0007952040177769959, 
    -0.02052394673228264, 
    -0.16935530304908752, 
    0.08801153302192688, 
    0.005405633244663477, 
    -0.052094798535108566, 
    0.06528151035308838, 
    -0.0065347678028047085, 
    0.09028396010398865, 
    -0.01867809146642685, 
    -0.01447825413197279, 
    -0.20539085566997528, 
    -0.03659329563379288, 
    0.10891992598772049, 
    0.0520068034529686, 
    0.11051050573587418, 
    -0.004468691069632769, 
    -0.0013451544800773263, 
    0.000998104689642787
]