[
    0.0822109654545784, 
    0.1428423970937729, 
    0.33590441942214966, 
    0.15824562311172485, 
    0.3191624581813812, 
    0.2812635600566864, 
    0.14743518829345703, 
    0.29804879426956177, 
    0.40025559067726135, 
    0.14258426427841187, 
    0.2544458508491516, 
    0.33376407623291016, 
    0.23883174359798431, 
    0.2922550141811371, 
    0.33835119009017944, 
    0.3240644335746765, 
    0.30815303325653076, 
    0.27141860127449036, 
    0.2737702429294586, 
    0.19670109450817108, 
    0.1961173266172409, 
    0.29351451992988586, 
    0.33779504895210266, 
    0.300792932510376, 
    0.08874909579753876, 
    0.2518821656703949, 
    0.19105851650238037, 
    0.29118582606315613, 
    0.3167424499988556, 
    0.23602509498596191, 
    0.10559093207120895, 
    0.23754703998565674, 
    0.0019384024199098349, 
    0.3041898012161255, 
    0.22796498239040375, 
    0.3008289039134979, 
    0.26454898715019226, 
    0.2914629280567169, 
    0.15990766882896423, 
    0.320010244846344, 
    0.2774956226348877, 
    0.3025829493999481, 
    0.2216177135705948, 
    0.24493706226348877, 
    0.24445952475070953, 
    0.2738392651081085, 
    0.2913998067378998, 
    0.23997026681900024, 
    0.2797931730747223, 
    0.2868950366973877, 
    0.2848391532897949, 
    0.2930305302143097, 
    0.13014011085033417, 
    0.2210100293159485, 
    0.32426318526268005, 
    0.30911752581596375, 
    0.364128440618515, 
    0.2631679177284241, 
    0.3012368381023407, 
    0.169964000582695, 
    0.26209545135498047, 
    0.2977258563041687, 
    0.25080910325050354, 
    0.30376124382019043, 
    0.3181743919849396, 
    0.09528084099292755, 
    0.27642667293548584, 
    0.09878278523683548, 
    0.30261117219924927, 
    0.286703497171402, 
    0.26491019129753113, 
    -0.003705354640260339, 
    0.13392490148544312, 
    0.30449625849723816, 
    0.30085909366607666, 
    0.3342435359954834, 
    0.1970701962709427, 
    0.2749920189380646, 
    0.35296139121055603, 
    0.2395174503326416, 
    0.19453591108322144, 
    0.29040205478668213, 
    0.33775290846824646, 
    0.10240913182497025, 
    0.30504342913627625, 
    0.07188747078180313, 
    0.32895907759666443, 
    0.3236909508705139, 
    0.17078204452991486, 
    0.26624783873558044, 
    0.0006607389077544212, 
    0.1402006447315216, 
    0.1941850781440735, 
    0.2686198353767395, 
    0.26030755043029785, 
    0.2736441493034363, 
    0.26538339257240295, 
    0.13501287996768951, 
    0.22431854903697968, 
    0.11930854618549347, 
    0.157314732670784, 
    0.20914770662784576, 
    0.2976505756378174, 
    0.3082592487335205, 
    0.2737054228782654, 
    0.2823816239833832, 
    0.3088912069797516, 
    0.31121453642845154, 
    0.18287701904773712, 
    0.29415643215179443, 
    0.3221176564693451, 
    0.3070039749145508, 
    0.29229143261909485, 
    0.10899608582258224, 
    0.2622571289539337, 
    0.12577950954437256, 
    0.25663915276527405, 
    0.11758918315172195, 
    0.19577498733997345, 
    0.23541143536567688, 
    0.2708400785923004, 
    0.2819211184978485, 
    0.23574219644069672, 
    0.2312181442975998, 
    0.3338950276374817, 
    0.27695029973983765, 
    0.12234034389257431, 
    0.2893933057785034, 
    0.1570608764886856, 
    0.3178059160709381, 
    0.30488529801368713, 
    0.16710764169692993, 
    0.30056390166282654, 
    0.07101341336965561, 
    0.323641300201416, 
    0.33000677824020386, 
    0.30097830295562744, 
    0.22148872911930084, 
    0.2971746027469635, 
    0.2615989148616791, 
    0.3056967854499817, 
    0.32321155071258545, 
    0.2826782464981079, 
    0.34060928225517273, 
    0.26676464080810547, 
    0.11887932568788528, 
    0.0936066284775734, 
    0.23152130842208862, 
    0.21597132086753845, 
    0.3148554265499115, 
    0.29530298709869385, 
    0.26812487840652466, 
    0.2717142701148987, 
    0.00305266329087317, 
    0.29478952288627625, 
    0.21340271830558777, 
    0.27100154757499695, 
    0.31992462277412415, 
    0.21175050735473633, 
    0.09761080145835876, 
    0.2306521236896515, 
    0.1735266149044037, 
    0.1946914792060852, 
    0.10556666553020477, 
    0.28348976373672485, 
    0.28696995973587036, 
    0.1520596742630005, 
    0.30705463886260986, 
    0.30598118901252747, 
    0.24288614094257355, 
    0.3337272107601166, 
    0.13979658484458923, 
    0.3201785683631897, 
    0.336506724357605, 
    0.3017510771751404, 
    0.2856364846229553, 
    0.26395997405052185, 
    0.25529029965400696, 
    0.2891385555267334, 
    0.2442052662372589, 
    0.3397834897041321, 
    0.29760274291038513, 
    0.22968298196792603, 
    0.2742655575275421, 
    0.29277196526527405, 
    0.36781519651412964, 
    0.09435265511274338, 
    0.19748225808143616, 
    0.3079233765602112, 
    0.30868715047836304, 
    0.30352944135665894, 
    0.2020408660173416, 
    0.08998188376426697, 
    0.22478415071964264, 
    0.3087351620197296, 
    0.21868251264095306, 
    0.2386265993118286, 
    0.28976619243621826, 
    0.2688421607017517, 
    0.33503851294517517, 
    0.2461639642715454, 
    0.3122157156467438, 
    0.31136107444763184, 
    0.2806047201156616, 
    0.32002875208854675, 
    0.31104588508605957, 
    0.24806822836399078, 
    0.34831205010414124, 
    0.32002031803131104, 
    0.2910243570804596, 
    0.1608828604221344, 
    0.09081991016864777, 
    0.1469009518623352, 
    0.3164706230163574, 
    0.31786608695983887, 
    0.2932575047016144, 
    0.292162150144577, 
    0.14405879378318787, 
    0.26599815487861633, 
    0.2664964497089386, 
    0.416280597448349, 
    0.27481207251548767, 
    0.22908197343349457, 
    0.2915639281272888, 
    0.28094246983528137, 
    0.20334455370903015, 
    0.19214296340942383, 
    0.23382283747196198, 
    0.25001609325408936, 
    0.25934380292892456, 
    0.2874784767627716, 
    0.11843229830265045, 
    0.1323700249195099, 
    0.26796162128448486, 
    0.2760683000087738, 
    0.17490342259407043, 
    0.308930367231369, 
    0.2835913598537445, 
    0.26701879501342773, 
    0.25688764452934265, 
    0.25811004638671875, 
    0.2101544588804245, 
    0.13000725209712982, 
    0.31602418422698975, 
    0.15503033995628357, 
    0.28182604908943176, 
    0.3042868375778198, 
    0.31520822644233704, 
    0.2850848138332367, 
    0.2829664945602417, 
    0.0018292464083060622, 
    0.22145295143127441, 
    0.28731444478034973, 
    0.28415796160697937, 
    0.26765939593315125, 
    0.23088349401950836, 
    0.27024030685424805, 
    0.21237216889858246, 
    0.27225634455680847, 
    0.28495603799819946, 
    0.2428642213344574, 
    0.2736198604106903, 
    0.2613779902458191, 
    0.19265134632587433, 
    0.30906230211257935, 
    0.22449803352355957, 
    0.24273031949996948, 
    0.3232991695404053, 
    0.3087640404701233, 
    0.19906488060951233, 
    0.3470495343208313, 
    0.34196439385414124, 
    0.2883046269416809, 
    0.18244807422161102, 
    0.27048569917678833, 
    0.285273015499115, 
    0.2638132572174072, 
    0.3056921064853668, 
    0.33306998014450073, 
    0.28746911883354187, 
    0.23711936175823212, 
    0.3426397442817688, 
    0.06806594133377075, 
    0.2672492265701294, 
    0.19542038440704346, 
    0.2818187475204468, 
    0.2637570798397064, 
    0.23741647601127625, 
    0.2529379427433014, 
    0.27489611506462097, 
    0.22015108168125153, 
    0.28428536653518677, 
    0.1545298844575882, 
    0.16921916604042053, 
    0.137532040476799, 
    0.3272334039211273, 
    0.33895206451416016, 
    0.18773771822452545, 
    0.31789425015449524, 
    0.32973137497901917, 
    0.2570006251335144, 
    0.22196948528289795, 
    0.29193955659866333, 
    0.11578763276338577, 
    4.095998883713037e-05, 
    0.3001355528831482, 
    0.3401012122631073, 
    0.272015780210495, 
    0.1732739508152008, 
    0.30654242634773254, 
    0.34199291467666626, 
    0.3611399233341217, 
    0.1313621699810028, 
    0.3421907424926758, 
    0.2349390834569931, 
    0.25660988688468933, 
    0.2411888837814331, 
    0.25011080503463745, 
    0.3698233962059021, 
    0.28186601400375366, 
    0.25359106063842773, 
    0.30742254853248596, 
    0.2904163599014282, 
    0.3208947479724884, 
    0.28476375341415405, 
    0.20160388946533203, 
    0.3015645742416382, 
    0.34462934732437134, 
    0.20122046768665314, 
    0.2446722686290741, 
    0.197663813829422, 
    0.32849836349487305, 
    0.3350957930088043, 
    0.3570089340209961, 
    0.16582255065441132, 
    0.30595695972442627, 
    0.3283698260784149, 
    0.27833402156829834, 
    0.34130287170410156, 
    0.1992889642715454, 
    0.26910874247550964, 
    0.25102952122688293, 
    0.30007386207580566, 
    0.31199246644973755, 
    0.2095746248960495, 
    0.12850382924079895, 
    0.34680575132369995, 
    0.2611357569694519, 
    0.35236504673957825, 
    0.3029709458351135, 
    0.2829326391220093, 
    0.30354851484298706, 
    0.24846519529819489, 
    0.07116159051656723, 
    0.20096944272518158, 
    0.28492918610572815, 
    0.28149279952049255, 
    0.3726561665534973, 
    0.17866231501102448, 
    0.3022952377796173, 
    0.2867574989795685, 
    0.2804435193538666, 
    0.304851770401001, 
    0.308398962020874, 
    0.3057459592819214, 
    0.2944398820400238, 
    0.30395084619522095, 
    0.3241511881351471, 
    0.2947683036327362, 
    0.23121775686740875, 
    0.2996838688850403, 
    0.21762585639953613, 
    0.2828507423400879, 
    0.26374369859695435, 
    0.3366794288158417, 
    0.3090861141681671, 
    0.35141152143478394, 
    0.09905020892620087, 
    0.14537563920021057, 
    0.30895984172821045, 
    0.23586992919445038, 
    0.27109473943710327, 
    0.2956288754940033, 
    0.30788135528564453, 
    0.2623695135116577, 
    0.3092314898967743, 
    0.3284399211406708, 
    0.2821100652217865, 
    0.17699751257896423, 
    0.253580778837204, 
    0.22820433974266052, 
    0.28140783309936523, 
    0.228424072265625, 
    0.16740994155406952, 
    0.33069926500320435, 
    0.13269364833831787, 
    0.2923266589641571, 
    0.2927955687046051, 
    0.1760738641023636, 
    0.22056853771209717, 
    0.28869885206222534, 
    0.3125213384628296, 
    0.3495194911956787, 
    0.1139400377869606, 
    0.27501699328422546, 
    0.2725527584552765, 
    0.29036593437194824, 
    0.3615533113479614, 
    0.07269313931465149, 
    0.3121795952320099, 
    0.2969471216201782, 
    0.3178238272666931, 
    0.07768147438764572, 
    0.3733733296394348, 
    0.27685028314590454, 
    0.3224339485168457, 
    0.281971275806427, 
    0.21003137528896332, 
    0.30136415362358093, 
    0.2741105556488037, 
    0.24409469962120056, 
    0.19894558191299438, 
    0.29844701290130615, 
    0.31869375705718994, 
    0.2942145764827728, 
    0.3223954737186432, 
    0.280048668384552, 
    0.30325615406036377, 
    0.2650350332260132, 
    0.22848303616046906, 
    0.28740358352661133, 
    0.20830504596233368, 
    0.20711936056613922, 
    0.2712080478668213, 
    0.2890082895755768, 
    0.24153491854667664, 
    0.27088433504104614, 
    0.11620078235864639, 
    0.2547036409378052, 
    0.31245946884155273, 
    0.3051822781562805, 
    0.28025296330451965, 
    0.11373011767864227, 
    0.2252509593963623, 
    0.16077260673046112, 
    0.2846621572971344, 
    0.2213318943977356, 
    0.23157194256782532, 
    0.2424211949110031, 
    0.2787783741950989, 
    0.17251116037368774, 
    0.27171552181243896, 
    0.33965885639190674, 
    0.23955801129341125, 
    0.2950960695743561, 
    0.08988978713750839, 
    0.2896762490272522, 
    0.2832106947898865, 
    0.32082003355026245, 
    0.4114152491092682, 
    0.23852452635765076, 
    0.3496037721633911, 
    0.2367401123046875, 
    0.2896387577056885, 
    0.3398578464984894, 
    0.31938642263412476, 
    0.21606716513633728, 
    0.21742582321166992, 
    0.3927910625934601, 
    0.28992515802383423, 
    0.30528175830841064, 
    0.13111358880996704, 
    0.34173938632011414, 
    0.27432918548583984, 
    0.28261125087738037, 
    0.29681554436683655, 
    0.22064733505249023, 
    0.11178592592477798, 
    0.33152130246162415, 
    0.2652479112148285, 
    0.28595465421676636, 
    0.07143241167068481, 
    0.3093118369579315, 
    0.2817147970199585, 
    0.3392690420150757, 
    0.08319920301437378, 
    0.29612165689468384, 
    0.30230483412742615, 
    0.2953413128852844, 
    0.3168853223323822, 
    0.22594232857227325, 
    0.2869739532470703, 
    0.3550083041191101, 
    0.1386919915676117, 
    0.33674266934394836, 
    0.36742910742759705, 
    0.2884140908718109, 
    0.2835153341293335, 
    0.2942148745059967, 
    0.2675853669643402, 
    0.09152795374393463, 
    0.2900402247905731, 
    0.24471105635166168, 
    0.2699342668056488, 
    0.32825952768325806, 
    0.0875757560133934, 
    0.28555479645729065, 
    0.31836652755737305, 
    0.24008119106292725, 
    0.27929097414016724, 
    0.2957601845264435, 
    0.3297865092754364
]