[
    0.3195229768753052, 
    0.24204018712043762, 
    0.2274085283279419, 
    0.25600457191467285, 
    0.27690616250038147, 
    0.1670130491256714, 
    0.2348739355802536, 
    0.25172609090805054, 
    0.21568907797336578, 
    0.24984177947044373, 
    0.1752849668264389, 
    0.3872779607772827, 
    0.25263699889183044, 
    0.22495871782302856, 
    0.3083544075489044, 
    0.30439066886901855, 
    0.2551259994506836, 
    0.3057780861854553, 
    0.23705874383449554, 
    0.21904189884662628, 
    0.2795991599559784, 
    0.2816835641860962, 
    0.2747996747493744, 
    0.28274649381637573, 
    0.24112045764923096, 
    0.26970306038856506, 
    0.20368564128875732, 
    0.2562935948371887, 
    0.2528194785118103, 
    0.23988565802574158, 
    0.3360361158847809, 
    0.2963320016860962, 
    0.19325096905231476, 
    0.2593235671520233, 
    0.24395057559013367, 
    0.245160311460495, 
    0.25840121507644653, 
    0.22574646770954132, 
    0.18065661191940308, 
    0.2538892924785614, 
    0.1725529283285141, 
    0.20213717222213745, 
    0.24936112761497498, 
    0.3171922266483307, 
    0.35649368166923523, 
    0.26199570298194885, 
    0.29795289039611816, 
    0.22485026717185974, 
    0.22953014075756073, 
    0.23353508114814758, 
    0.22029238939285278, 
    0.24427729845046997, 
    0.31950855255126953, 
    0.24978506565093994, 
    0.233664870262146, 
    0.20587481558322906, 
    0.24481706321239471, 
    0.2709442377090454, 
    0.2515435516834259, 
    0.28300631046295166, 
    0.29033777117729187, 
    0.35757017135620117, 
    0.26382192969322205, 
    0.3168814480304718, 
    0.2555159032344818, 
    0.13794802129268646, 
    0.24880599975585938, 
    0.25048109889030457, 
    0.18806684017181396, 
    0.24254484474658966, 
    0.21621671319007874, 
    0.26490893959999084, 
    0.21135571599006653, 
    0.32833173871040344, 
    0.196384996175766, 
    0.3268376290798187, 
    0.287054181098938, 
    0.1667926013469696, 
    0.24497424066066742, 
    0.27277255058288574, 
    0.2307591289281845, 
    0.1519259512424469, 
    0.22857505083084106, 
    0.25559359788894653, 
    0.24939991533756256, 
    0.27152004837989807, 
    0.2324010580778122, 
    0.1446506381034851, 
    0.2714318335056305, 
    0.20517386496067047, 
    0.16448204219341278, 
    0.18117676675319672, 
    0.20435023307800293, 
    0.10604598373174667, 
    0.2513717710971832, 
    0.2949342131614685, 
    0.1936800181865692, 
    0.28044840693473816, 
    0.1379418820142746, 
    0.309082567691803, 
    0.12535235285758972, 
    0.25830191373825073, 
    0.2494775503873825, 
    0.1766204982995987, 
    0.1476733237504959, 
    0.11369378119707108, 
    0.3362666070461273, 
    0.1493997722864151, 
    0.14158514142036438, 
    0.20952671766281128, 
    0.2725162208080292, 
    0.22765272855758667, 
    0.2105560004711151, 
    0.23888477683067322, 
    0.17959795892238617, 
    0.09286205470561981, 
    0.14798006415367126, 
    0.23079319298267365, 
    0.16619248688220978, 
    0.22763289511203766, 
    0.28661495447158813, 
    0.2378694862127304, 
    0.22154127061367035, 
    0.25291505455970764, 
    0.1803002804517746, 
    0.3279012441635132, 
    0.2813272178173065, 
    0.1278979629278183, 
    0.2510599195957184, 
    0.2803110182285309, 
    0.2505235970020294, 
    0.26028159260749817, 
    0.2945502996444702, 
    0.2781340479850769, 
    0.29508644342422485, 
    0.20920318365097046, 
    0.2658810019493103, 
    0.2468569278717041, 
    0.24660521745681763, 
    0.3424184322357178, 
    0.26955240964889526, 
    0.4107046127319336, 
    0.23997534811496735, 
    0.2649945020675659, 
    0.25958260893821716, 
    0.20232126116752625, 
    0.1936572641134262, 
    0.17717821896076202, 
    0.26119759678840637, 
    0.3019648790359497, 
    0.30397558212280273, 
    0.1719098687171936, 
    0.2702367305755615, 
    0.14138589799404144, 
    0.2295459806919098, 
    0.1876816302537918, 
    0.2352951467037201, 
    0.22329601645469666, 
    0.18270103633403778, 
    0.17439652979373932, 
    0.20761574804782867, 
    0.194114089012146, 
    0.3502192497253418, 
    0.24415533244609833, 
    0.11179328709840775, 
    0.29478201270103455, 
    0.23706766963005066, 
    0.25867193937301636, 
    0.3118657171726227, 
    0.24648608267307281, 
    0.26291409134864807, 
    0.16251516342163086, 
    0.26781007647514343, 
    0.16286012530326843, 
    0.2336650788784027, 
    0.23090395331382751, 
    0.19461916387081146, 
    0.2404462844133377, 
    0.21620063483715057, 
    0.25719743967056274, 
    0.2668214738368988, 
    0.3936018645763397, 
    0.212421715259552, 
    0.3948446810245514, 
    0.29323673248291016, 
    0.23201121389865875, 
    0.21574044227600098, 
    0.22694990038871765, 
    0.25556978583335876, 
    0.16612036526203156, 
    0.20071692764759064, 
    0.27392375469207764, 
    0.2231423258781433, 
    0.3781845271587372, 
    0.2277076244354248, 
    0.1933569312095642, 
    0.29361918568611145, 
    0.17255716025829315, 
    0.22246554493904114, 
    0.21144309639930725, 
    0.2319113165140152, 
    0.2733467221260071, 
    0.22057373821735382, 
    0.14638397097587585, 
    0.3966580927371979, 
    0.21879971027374268, 
    0.2295219600200653, 
    0.2586793303489685, 
    0.21516205370426178, 
    0.2050030678510666, 
    0.2564990818500519, 
    0.20896898210048676, 
    0.2869810461997986, 
    0.2765498459339142, 
    0.159634530544281, 
    0.27082499861717224, 
    0.1990671008825302, 
    0.21830300986766815, 
    0.17586290836334229, 
    0.2635122835636139, 
    0.24771566689014435, 
    0.1734716147184372, 
    0.28762269020080566, 
    0.22696921229362488, 
    0.17866992950439453, 
    0.2641773521900177, 
    0.2841455340385437, 
    0.21605780720710754, 
    0.31669506430625916, 
    0.24123898148536682, 
    0.1668933480978012, 
    0.35085752606391907, 
    0.2275223433971405, 
    0.22653667628765106, 
    0.23209886252880096, 
    0.17250262200832367, 
    0.2777271568775177, 
    0.28374290466308594, 
    0.18770046532154083, 
    0.2886321544647217, 
    0.3023536205291748, 
    0.1971467137336731, 
    0.3128070533275604, 
    0.30997994542121887, 
    0.2628194987773895, 
    0.26949939131736755, 
    0.30423441529273987, 
    0.30064207315444946, 
    0.21284474432468414, 
    0.262338250875473, 
    0.26973235607147217, 
    0.3030564785003662, 
    0.27347099781036377, 
    0.30804508924484253, 
    0.15970857441425323, 
    0.2580633759498596, 
    0.24323798716068268, 
    0.25471049547195435, 
    0.2463015615940094, 
    0.2322329878807068, 
    0.22115127742290497, 
    0.15131449699401855, 
    0.26272016763687134, 
    0.25715795159339905, 
    0.21957296133041382, 
    0.3705195486545563, 
    0.2104882299900055, 
    0.2072540521621704, 
    0.24802885949611664, 
    0.22819671034812927, 
    0.2026638239622116, 
    0.24929778277873993, 
    0.21994630992412567, 
    0.2041189968585968, 
    0.2759552001953125, 
    0.38854357600212097, 
    0.2556084394454956, 
    0.1680246889591217, 
    0.23287609219551086, 
    0.17387433350086212, 
    0.12718486785888672, 
    0.21268445253372192, 
    0.2530970573425293, 
    0.31566208600997925, 
    0.3344494700431824, 
    0.2644929587841034, 
    0.2287585288286209, 
    0.2567548155784607, 
    0.19746531546115875, 
    0.21235090494155884, 
    0.2733798027038574, 
    0.39180487394332886, 
    0.19467394053936005, 
    0.2727917432785034, 
    0.19512420892715454, 
    0.12842144072055817, 
    0.21520313620567322, 
    0.17810194194316864, 
    0.24025589227676392, 
    0.1914808452129364, 
    0.203593909740448, 
    0.2308528870344162, 
    0.15915651619434357, 
    0.31528809666633606, 
    0.23019196093082428, 
    0.26485899090766907, 
    0.15764176845550537, 
    0.20244531333446503, 
    0.25907787680625916, 
    0.16228947043418884, 
    0.25504493713378906, 
    0.2408752292394638, 
    0.23204335570335388, 
    0.24766284227371216, 
    0.16748370230197906, 
    0.2135397046804428, 
    0.14989307522773743, 
    0.27189335227012634, 
    0.2639446258544922, 
    0.2866618037223816, 
    0.24926941096782684, 
    0.2660820484161377, 
    0.2695963382720947, 
    0.2404637187719345, 
    0.27654513716697693, 
    0.35069966316223145, 
    0.2775668799877167, 
    0.21903422474861145, 
    0.22458116710186005, 
    0.274142324924469, 
    0.23600439727306366, 
    0.2814755141735077, 
    0.24467647075653076, 
    0.2659320533275604, 
    0.23761506378650665, 
    0.24832166731357574, 
    0.22134815156459808, 
    0.20475801825523376, 
    0.2648899555206299, 
    0.18734195828437805, 
    0.25914135575294495, 
    0.20043902099132538, 
    0.14648936688899994, 
    0.17113646864891052, 
    0.24275527894496918, 
    0.2382131963968277, 
    0.2549750506877899, 
    0.22593414783477783, 
    0.20839610695838928, 
    0.22286434471607208, 
    0.20842815935611725, 
    0.2910057306289673, 
    0.28561919927597046, 
    0.35109424591064453, 
    0.14802683889865875, 
    0.3584590256214142, 
    0.2265840470790863, 
    0.23613587021827698, 
    0.29337745904922485, 
    0.13793271780014038, 
    0.2647534906864166, 
    0.2510538399219513, 
    0.12435732781887054, 
    0.13367466628551483, 
    0.1205296516418457, 
    0.19795696437358856, 
    0.25114965438842773, 
    0.25594475865364075, 
    0.3041169047355652, 
    0.20990648865699768, 
    0.19793616235256195, 
    0.20728783309459686, 
    0.15831919014453888, 
    0.20068953931331635, 
    0.2919752895832062, 
    0.3456647992134094, 
    0.26285380125045776, 
    0.23023419082164764, 
    0.22684158384799957, 
    0.30316951870918274, 
    0.21132877469062805, 
    0.2987334430217743, 
    0.20810197293758392, 
    0.22296299040317535, 
    0.31592798233032227, 
    0.25943639874458313, 
    0.18283380568027496, 
    0.1950964331626892, 
    0.3109021782875061, 
    0.26352307200431824, 
    0.26207494735717773, 
    0.2661672830581665, 
    0.13713347911834717, 
    0.31783923506736755, 
    0.2649970054626465, 
    0.22482211887836456, 
    0.23183654248714447, 
    0.25023457407951355, 
    0.24901077151298523, 
    0.20387296378612518, 
    0.3682214021682739, 
    0.19595474004745483, 
    0.23758652806282043, 
    0.18198758363723755, 
    0.14273476600646973, 
    0.2652457654476166, 
    0.22598791122436523, 
    0.32288241386413574, 
    0.2173045575618744, 
    0.12169143557548523, 
    0.21229244768619537, 
    0.30756446719169617, 
    0.2584644556045532, 
    0.22402982413768768, 
    0.292846143245697, 
    0.18065090477466583, 
    0.3121322989463806, 
    0.2417314201593399, 
    0.24479904770851135, 
    0.27083516120910645, 
    0.20140433311462402, 
    0.2272479385137558, 
    0.2392999827861786, 
    0.2544234097003937, 
    0.17054390907287598, 
    0.2870192527770996, 
    0.27600333094596863, 
    0.23628099262714386, 
    0.10987062007188797, 
    0.2281133234500885, 
    0.2834015488624573, 
    0.25939425826072693, 
    0.23472733795642853, 
    0.19778290390968323, 
    0.1128862202167511, 
    0.1799250841140747, 
    0.18817175924777985, 
    0.31337904930114746, 
    0.23491112887859344, 
    0.24952608346939087, 
    0.20482316613197327, 
    0.23989780247211456, 
    0.24629637598991394, 
    0.19685770571231842, 
    0.3222043812274933, 
    0.2588132917881012, 
    0.2664331793785095, 
    0.2423427850008011, 
    0.2514646351337433, 
    0.2120009809732437, 
    0.23222209513187408, 
    0.21918275952339172, 
    0.2578720450401306, 
    0.27047204971313477, 
    0.19185836613178253, 
    0.24521321058273315, 
    0.15956929326057434, 
    0.18816180527210236, 
    0.287296861410141, 
    0.2604276239871979, 
    0.2344377189874649, 
    0.23064924776554108, 
    0.1976829171180725, 
    0.20940028131008148, 
    0.3142711818218231, 
    0.3694126605987549, 
    0.15278370678424835, 
    0.2700563371181488, 
    0.2203172743320465, 
    0.19128717482089996, 
    0.40256205201148987, 
    0.2889502942562103, 
    0.23019292950630188, 
    0.27370360493659973, 
    0.2299671471118927, 
    0.19561955332756042, 
    0.15543080866336823, 
    0.24518796801567078, 
    0.26408836245536804, 
    0.2901569604873657, 
    0.13001446425914764, 
    0.20283854007720947, 
    0.2187938541173935, 
    0.2477654069662094, 
    0.31974440813064575, 
    0.2715725302696228, 
    0.23659850656986237, 
    0.21281015872955322, 
    0.2817321717739105, 
    0.3061416447162628, 
    0.29663172364234924, 
    0.17954963445663452, 
    0.25878438353538513, 
    0.21834884583950043, 
    0.27046170830726624, 
    0.24597366154193878, 
    0.2553422749042511, 
    0.2615568935871124, 
    0.15408757328987122, 
    0.2747526466846466, 
    0.24832190573215485, 
    0.2646259367465973, 
    0.28457072377204895, 
    0.22289268672466278, 
    0.26244622468948364, 
    0.2586240768432617, 
    0.2780146598815918, 
    0.2574247121810913, 
    0.3071199059486389, 
    0.23951977491378784, 
    0.2541613280773163, 
    0.20198477804660797
]