[
    0.344963401556015, 
    0.4510084092617035, 
    0.31719475984573364, 
    0.5651151537895203, 
    0.5422559380531311, 
    0.3944298326969147, 
    0.37756219506263733, 
    0.3908252716064453, 
    0.5981325507164001, 
    0.4143947958946228, 
    0.34402918815612793, 
    0.2847358286380768, 
    0.3784463703632355, 
    0.31149330735206604, 
    0.4150693714618683, 
    0.4401875138282776, 
    0.2243419736623764, 
    0.5138193368911743, 
    0.3031790256500244, 
    0.4046008884906769, 
    0.3030843138694763, 
    0.3823561668395996, 
    0.25619107484817505, 
    0.40268754959106445, 
    0.5467724204063416, 
    0.4261948764324188, 
    0.49151676893234253, 
    0.30483412742614746, 
    0.23078851401805878, 
    0.35665103793144226, 
    0.4658712148666382, 
    0.31820642948150635, 
    0.549275279045105, 
    0.2797780930995941, 
    0.31059032678604126, 
    0.4004976153373718, 
    0.2592819631099701, 
    0.3602406978607178, 
    0.3650186061859131, 
    0.38574865460395813, 
    0.23447531461715698, 
    0.3225099444389343, 
    0.25683504343032837, 
    0.5083728432655334, 
    0.21451230347156525, 
    0.43557295203208923, 
    0.3239784836769104, 
    0.2971653938293457, 
    0.2779639959335327, 
    0.2787061333656311, 
    0.5043854117393494, 
    0.4713355004787445, 
    0.49743303656578064, 
    0.45340022444725037, 
    0.5145560503005981, 
    0.2617023289203644, 
    0.4231291115283966, 
    0.4972701668739319, 
    0.5290351510047913, 
    0.19619926810264587, 
    0.4477013647556305, 
    0.3075117766857147, 
    0.4383488893508911, 
    0.2680037021636963, 
    0.39844077825546265, 
    0.32716575264930725, 
    0.31852957606315613, 
    0.2190818339586258, 
    0.3221534788608551, 
    0.31007063388824463, 
    0.37675410509109497, 
    0.2792152762413025, 
    0.5699888467788696, 
    0.28013715147972107, 
    0.27852171659469604, 
    0.34807348251342773, 
    0.376867413520813, 
    0.28834328055381775, 
    0.3962998688220978, 
    0.28938233852386475, 
    0.2641294598579407, 
    0.4283132255077362, 
    0.5803532004356384, 
    0.5454469919204712, 
    0.2527075707912445, 
    0.4804549813270569, 
    0.3679348826408386, 
    0.23080125451087952, 
    0.4280754029750824, 
    0.49364185333251953, 
    0.25293704867362976, 
    0.3184765875339508, 
    0.2288612574338913, 
    0.42185428738594055, 
    0.40425971150398254, 
    0.4560602307319641, 
    0.26755577325820923, 
    0.2568742632865906, 
    0.2692507207393646, 
    0.450852632522583, 
    0.4583173394203186, 
    0.43364036083221436, 
    0.27357569336891174, 
    0.36569851636886597, 
    0.3313826322555542, 
    0.4749451279640198, 
    0.3377301096916199, 
    0.4740521311759949, 
    0.2502082884311676, 
    0.24300478398799896, 
    0.27216848731040955, 
    0.33821094036102295, 
    0.3446723222732544, 
    0.344186007976532, 
    0.3617076873779297, 
    0.30965399742126465, 
    0.7905054688453674, 
    0.37472400069236755, 
    0.2936308979988098, 
    0.25475579500198364, 
    0.44535914063453674, 
    0.3612159788608551, 
    0.30150309205055237, 
    0.37422704696655273, 
    0.37121835350990295, 
    0.24876731634140015, 
    0.49467048048973083, 
    0.27466973662376404, 
    0.3457877039909363, 
    0.38510242104530334, 
    0.47069036960601807, 
    0.31034305691719055, 
    0.3631322383880615, 
    0.4425486922264099, 
    0.39323368668556213, 
    0.4401756823062897, 
    0.2748992443084717, 
    0.3358650803565979, 
    0.34762629866600037, 
    0.33924511075019836, 
    0.19263437390327454, 
    0.2606489062309265, 
    0.38946059346199036, 
    0.3851374685764313, 
    0.3056572675704956, 
    0.3456250727176666, 
    0.2781675457954407, 
    0.4560849368572235, 
    0.4211784303188324, 
    0.49248918890953064, 
    0.3184020221233368, 
    0.39620161056518555, 
    0.35703954100608826, 
    0.37527334690093994, 
    0.48516756296157837, 
    0.47989943623542786, 
    0.45240363478660583, 
    0.34960728883743286, 
    0.4500030279159546, 
    0.3142087161540985, 
    0.47300389409065247, 
    0.3825031816959381, 
    0.37763044238090515, 
    0.4107198119163513, 
    0.30098143219947815, 
    0.4589797854423523, 
    0.40397757291793823, 
    0.4947082996368408, 
    0.347908616065979, 
    0.26777151226997375, 
    0.23814217746257782, 
    0.504343569278717, 
    0.2643079459667206, 
    0.31270766258239746, 
    0.24473223090171814, 
    0.2991102933883667, 
    0.3102515935897827, 
    0.2596338391304016, 
    0.47825857996940613, 
    0.4501005709171295, 
    0.41437217593193054, 
    0.38365107774734497, 
    0.2778197228908539, 
    0.42078495025634766, 
    0.412266343832016, 
    0.3482022285461426, 
    0.2690933346748352, 
    0.41635018587112427, 
    0.32301121950149536, 
    0.34107983112335205, 
    0.27509406208992004, 
    0.3221377730369568, 
    0.4766235947608948, 
    0.347991943359375, 
    0.4193696081638336, 
    0.31222864985466003, 
    0.3933573067188263, 
    0.2499890774488449, 
    0.4051104187965393, 
    0.24967555701732635, 
    0.49641990661621094, 
    0.4591468274593353, 
    0.22736966609954834, 
    0.29286712408065796, 
    0.4464291036128998, 
    0.356804221868515, 
    0.38481995463371277, 
    0.24203595519065857, 
    0.41664883494377136, 
    0.6283327341079712, 
    0.25961360335350037, 
    0.3148494362831116, 
    0.27416878938674927, 
    0.42064768075942993, 
    0.281637042760849, 
    0.28830426931381226, 
    0.3270646929740906, 
    0.3249414563179016, 
    0.3618415296077728, 
    0.23782047629356384, 
    0.37706974148750305, 
    0.2959032952785492, 
    0.3120516836643219, 
    0.3599826991558075, 
    0.3321639597415924, 
    0.3332787752151489, 
    0.4786889851093292, 
    0.27674058079719543, 
    0.38252314925193787, 
    0.31555643677711487, 
    0.3342483341693878, 
    0.5922195911407471, 
    0.2694798409938812, 
    0.37359175086021423, 
    0.4019501805305481, 
    0.4433823525905609, 
    0.2561792731285095, 
    0.41565313935279846, 
    0.26786139607429504, 
    0.4352433681488037, 
    0.3605670630931854, 
    0.5421851277351379, 
    0.3942091464996338, 
    0.4218914806842804, 
    0.4933258891105652, 
    0.3065734803676605, 
    0.4017668664455414, 
    0.24801862239837646, 
    0.45192450284957886, 
    0.2504009008407593, 
    0.5445979237556458, 
    0.24380677938461304, 
    0.49341586232185364, 
    0.27353525161743164, 
    0.3565414845943451, 
    0.4617684483528137, 
    0.38024282455444336, 
    0.3460889160633087, 
    0.25710996985435486, 
    0.49338486790657043, 
    0.43623122572898865, 
    0.2293020635843277, 
    0.5087217688560486, 
    0.412638396024704, 
    0.3271009624004364, 
    0.5369600653648376, 
    0.5250746607780457, 
    0.316708505153656, 
    0.3306730389595032, 
    0.4068164527416229, 
    0.3930535316467285, 
    0.32399216294288635, 
    0.4021395742893219, 
    0.34588778018951416, 
    0.26479384303092957, 
    0.5324029326438904, 
    0.2278907597064972, 
    0.4838694632053375, 
    0.39185866713523865, 
    0.4243071377277374, 
    0.4394283592700958, 
    0.33067747950553894, 
    0.259675532579422, 
    0.36838310956954956, 
    0.3151499927043915, 
    0.27328282594680786, 
    0.3636195957660675, 
    0.33332890272140503, 
    0.5406896471977234, 
    0.39727598428726196, 
    0.3384034037590027, 
    0.4017970561981201, 
    0.5012195706367493, 
    0.2816898226737976, 
    0.46880558133125305, 
    0.5055327415466309, 
    0.3705327808856964, 
    0.36691081523895264, 
    0.46478983759880066, 
    0.2812628448009491, 
    0.49843254685401917, 
    0.35478052496910095, 
    0.3023104667663574, 
    0.41376397013664246, 
    0.558900773525238, 
    0.32517096400260925, 
    0.31838294863700867, 
    0.22364407777786255, 
    0.4945742189884186, 
    0.3148331344127655, 
    0.21280868351459503, 
    0.3315083086490631, 
    0.2373262494802475, 
    0.34022653102874756, 
    0.27406740188598633, 
    0.467112272977829, 
    0.4627971351146698, 
    0.2916566729545593, 
    0.2802519202232361, 
    0.4273993968963623, 
    0.23707829415798187, 
    0.41702044010162354, 
    0.4441276490688324, 
    0.4502023756504059, 
    0.39531248807907104, 
    0.2898094356060028, 
    0.2553589940071106, 
    0.33967530727386475, 
    0.40529054403305054, 
    0.41296470165252686, 
    0.40536370873451233, 
    0.5171797871589661, 
    0.4480266869068146, 
    0.4489108920097351, 
    0.41452667117118835, 
    0.48325496912002563, 
    0.289419561624527, 
    0.33483508229255676, 
    0.29799506068229675, 
    0.340615838766098, 
    0.31592413783073425, 
    0.424228698015213, 
    0.409235417842865, 
    0.28659799695014954, 
    0.5184641480445862, 
    0.4192870557308197, 
    0.32283973693847656, 
    0.37259599566459656, 
    0.2616439163684845, 
    0.3116004467010498, 
    0.5792903304100037, 
    0.28665751218795776, 
    0.534934401512146, 
    0.34730446338653564, 
    0.24420957267284393, 
    0.26380956172943115, 
    0.3764733076095581, 
    0.37692636251449585, 
    0.5166217684745789, 
    0.5357969999313354, 
    0.568211555480957, 
    0.431021124124527, 
    0.3536391258239746, 
    0.39847421646118164, 
    0.4625263810157776, 
    0.26885414123535156, 
    0.4022705852985382, 
    0.3641035258769989, 
    0.4831186830997467, 
    0.32314369082450867, 
    0.5347862243652344, 
    0.43368932604789734, 
    0.3778071403503418, 
    0.37390005588531494, 
    0.4445078670978546, 
    0.22130177915096283, 
    0.25397393107414246, 
    0.3640662431716919, 
    0.3144672214984894, 
    0.30168813467025757, 
    0.2645827531814575, 
    0.25770604610443115, 
    0.25700417160987854, 
    0.3752603828907013, 
    0.2690824866294861, 
    0.26292160153388977, 
    0.4676165282726288, 
    0.3262917697429657, 
    0.41690593957901, 
    0.3779742419719696, 
    0.394819438457489, 
    0.4265555441379547, 
    0.28460294008255005, 
    0.27557051181793213, 
    0.2700950801372528, 
    0.19428695738315582, 
    0.27004721760749817, 
    0.3764367699623108, 
    0.43431469798088074, 
    0.2955886423587799, 
    0.2457713931798935, 
    0.3438433110713959, 
    0.44095578789711, 
    0.38008978962898254, 
    0.30562254786491394, 
    0.4323836863040924, 
    0.49026209115982056, 
    0.2967386841773987, 
    0.3480631411075592, 
    0.3183404803276062, 
    0.3558409512042999, 
    0.2857065498828888, 
    0.3899926543235779, 
    0.3350377380847931, 
    0.4137621521949768, 
    0.2737012803554535, 
    0.3631787598133087, 
    0.4557702839374542, 
    0.4471769332885742, 
    0.4022795259952545, 
    0.5459064841270447, 
    0.39953699707984924, 
    0.28638777136802673, 
    0.44497862458229065, 
    0.4575389623641968, 
    0.4554814398288727, 
    0.34550580382347107, 
    0.43786153197288513, 
    0.4205226004123688, 
    0.4983968436717987, 
    0.4126902222633362, 
    0.4152202010154724, 
    0.4885117709636688, 
    0.48670676350593567, 
    0.33931002020835876, 
    0.42481106519699097, 
    0.33665895462036133, 
    0.4933149218559265, 
    0.24926279485225677, 
    0.443080335855484, 
    0.349025696516037, 
    0.4865095019340515, 
    0.4161446988582611, 
    0.2705315351486206, 
    0.3026631772518158, 
    0.40319693088531494, 
    0.3195992112159729, 
    0.28446823358535767, 
    0.3638482987880707, 
    0.28079408407211304, 
    0.3067184388637543, 
    0.35880059003829956, 
    0.3183644711971283, 
    0.2557293176651001, 
    0.2317308932542801, 
    0.2415592223405838, 
    0.33342400193214417, 
    0.3491314649581909, 
    0.3247497081756592, 
    0.28138411045074463, 
    0.25376060605049133, 
    0.32721778750419617, 
    0.23469571769237518, 
    0.3157009184360504, 
    0.2882975935935974, 
    0.2129642814397812, 
    0.29708224534988403, 
    0.29777947068214417, 
    0.46620598435401917, 
    0.3042801022529602, 
    0.4298323690891266, 
    0.37654048204421997, 
    0.38291606307029724, 
    0.31464695930480957, 
    0.3856132924556732, 
    0.4888438880443573, 
    0.3749864101409912, 
    0.41723987460136414, 
    0.3643505573272705, 
    0.3140885531902313, 
    0.348257839679718, 
    0.5095781087875366, 
    0.4463658630847931, 
    0.34716710448265076, 
    0.22075212001800537, 
    0.2407142072916031, 
    0.39615267515182495, 
    0.23564386367797852, 
    0.3240019381046295, 
    0.2214222252368927, 
    0.4642951190471649, 
    0.36921489238739014, 
    0.2463207244873047, 
    0.5646570920944214, 
    0.5039178729057312, 
    0.34246668219566345, 
    0.37351053953170776, 
    0.39237943291664124, 
    0.3828960955142975, 
    0.4437919557094574, 
    0.34623757004737854, 
    0.2922399640083313, 
    0.38622716069221497, 
    0.35546839237213135, 
    0.29048532247543335, 
    0.45026466250419617, 
    0.44274356961250305, 
    0.2148396223783493, 
    0.37641894817352295, 
    0.3786366283893585, 
    0.39447271823883057, 
    0.4696555733680725
]