[
    -0.5032292008399963, 
    -0.5754073858261108, 
    0.32127735018730164, 
    -0.06048060953617096, 
    -0.13740471005439758, 
    -0.35753679275512695, 
    -1.4746843576431274, 
    -0.11330745369195938, 
    -0.011938606388866901, 
    -0.2395343780517578, 
    0.03247604891657829, 
    -1.2864503860473633, 
    -0.48107078671455383, 
    0.3367960751056671, 
    0.3253406882286072, 
    0.7407262325286865, 
    -0.27141356468200684, 
    0.32692602276802063, 
    -0.3110804259777069, 
    -0.45504966378211975, 
    0.16058038175106049, 
    -0.027593834325671196, 
    -0.28718534111976624, 
    0.18764781951904297, 
    -0.20869089663028717, 
    -0.06508471816778183, 
    0.44238463044166565, 
    0.3026161789894104, 
    -1.0579113960266113, 
    1.4941165447235107, 
    -1.4011350870132446, 
    -0.010926321148872375, 
    -0.3452010750770569, 
    -0.4541984796524048, 
    0.9348903894424438, 
    0.08738119900226593, 
    -0.8028019070625305, 
    0.17680877447128296, 
    1.3594417572021484, 
    0.744624137878418, 
    -0.05619014799594879, 
    0.5357246994972229, 
    -0.5357071757316589, 
    0.306364506483078, 
    0.5004813075065613, 
    -0.533810555934906, 
    0.10700995475053787, 
    0.01970910094678402, 
    0.128153994679451, 
    0.3837127387523651, 
    0.4801461398601532, 
    -0.011538983322679996, 
    0.19658854603767395, 
    1.6885930299758911, 
    0.0739644318819046, 
    -0.1166040301322937, 
    0.12033524364233017, 
    -0.5643838047981262, 
    0.3262662887573242, 
    0.20596587657928467, 
    0.32169368863105774, 
    0.18562708795070648, 
    0.7979568839073181, 
    -0.46782514452934265, 
    -0.2774788737297058, 
    -0.08458740264177322, 
    0.24504505097866058, 
    -0.019403453916311264, 
    0.13027897477149963, 
    0.4952060878276825, 
    0.0545465312898159, 
    -0.7608205080032349, 
    -0.16465578973293304, 
    0.06186652183532715, 
    -0.3824419677257538, 
    -0.8359301090240479, 
    -0.3038679361343384, 
    0.0444285050034523, 
    -0.5273246765136719, 
    -0.5148270130157471, 
    -0.48528116941452026, 
    -0.13636311888694763, 
    -0.0597497895359993, 
    0.2869064509868622, 
    -0.006161313038319349, 
    -0.5857420563697815, 
    -0.03468165174126625, 
    0.8544923663139343, 
    1.2466992139816284, 
    0.3300721049308777, 
    -0.013168231584131718, 
    0.6028817296028137, 
    -1.1991573572158813, 
    -0.05826237425208092, 
    -0.27084678411483765, 
    -0.3393237888813019, 
    -0.8648832440376282, 
    0.6114909052848816, 
    0.8955199122428894, 
    -0.5646904706954956, 
    -0.5966792106628418, 
    0.36862435936927795, 
    0.0667465552687645, 
    0.5034930109977722, 
    0.3195166289806366, 
    0.1954016387462616, 
    0.4238843619823456, 
    0.05907488986849785, 
    -0.12527614831924438, 
    -1.0923149585723877, 
    -0.331105500459671, 
    0.18196171522140503, 
    -1.4327644109725952, 
    -0.681465744972229, 
    0.48860159516334534, 
    -0.1804206520318985, 
    -0.012304514646530151, 
    0.19289392232894897, 
    0.21840843558311462, 
    0.7323718667030334, 
    -0.0025497148744761944, 
    -0.4905247092247009, 
    -0.1404164731502533, 
    -0.43179261684417725, 
    0.8249441385269165, 
    0.3195590674877167, 
    0.004692708607763052, 
    -0.7578417062759399, 
    -0.7057946920394897, 
    0.1492154896259308, 
    -0.18417991697788239, 
    -0.2795885503292084, 
    -0.9535789489746094, 
    -0.20894505083560944, 
    1.1769185066223145, 
    -0.23031927645206451, 
    -0.4501854181289673, 
    -0.9775616526603699, 
    0.687038004398346, 
    0.3471795916557312, 
    -0.19011017680168152, 
    -0.6239324808120728, 
    -0.527881383895874, 
    1.265117883682251, 
    -0.14240457117557526, 
    0.23181575536727905, 
    0.4669928252696991, 
    -0.09338855743408203, 
    -0.9331552982330322, 
    0.9233683943748474, 
    0.29347386956214905, 
    -0.07007074356079102, 
    0.32379502058029175, 
    0.1525544822216034, 
    0.7930408120155334, 
    -0.8709604144096375, 
    0.11370660364627838, 
    0.3182365894317627, 
    0.15738798677921295, 
    -0.1269540637731552, 
    0.9735473990440369, 
    1.2416915893554688, 
    0.21631844341754913, 
    0.023069508373737335, 
    -0.13027097284793854, 
    0.6409659385681152, 
    0.1268499493598938, 
    -0.24030151963233948, 
    0.41130250692367554, 
    0.010939654894173145, 
    0.09427498281002045, 
    -0.5005443096160889, 
    -0.9637463092803955, 
    0.24702088534832, 
    -0.5277763605117798, 
    0.40460091829299927, 
    -0.45290762186050415, 
    -0.08676929771900177, 
    -0.020418735221028328, 
    -0.7780631184577942, 
    -0.10906099528074265, 
    -0.468471497297287, 
    0.27874353528022766, 
    0.06637601554393768, 
    0.25708436965942383, 
    -0.15105512738227844, 
    0.10282741487026215, 
    -0.11472013592720032, 
    -0.0004197825619485229, 
    0.33874082565307617, 
    -0.42159131169319153, 
    0.19017337262630463, 
    -0.17018364369869232, 
    1.131471037864685, 
    -0.4957782030105591, 
    0.6209076642990112, 
    0.7167620062828064, 
    -0.02042786218225956, 
    0.40155383944511414, 
    -0.28401267528533936, 
    0.35941219329833984, 
    0.3566145896911621, 
    0.21751931309700012, 
    0.6374081373214722, 
    1.182044506072998, 
    0.24054865539073944, 
    0.747567355632782, 
    -0.11819611489772797, 
    0.1975080668926239, 
    -1.347658634185791, 
    0.17009393870830536, 
    0.20408976078033447, 
    0.26953867077827454, 
    0.8082536458969116, 
    0.4320911169052124, 
    -0.8643015623092651, 
    -0.19497020542621613, 
    0.611841082572937, 
    0.9972766637802124, 
    0.20030635595321655, 
    -0.621144711971283, 
    -0.40790918469429016, 
    -0.38412266969680786, 
    -0.029373766854405403, 
    1.208202838897705, 
    -0.1783391386270523, 
    -0.1854291409254074, 
    0.407990425825119, 
    -0.01811998337507248, 
    0.5017374157905579, 
    0.15037597715854645, 
    0.20797471702098846, 
    0.5286692976951599, 
    0.4056706726551056, 
    -0.026733234524726868, 
    0.38166943192481995, 
    -0.2506529688835144, 
    -0.8071361780166626, 
    -0.11130576580762863, 
    -0.6289610266685486, 
    -0.08887248486280441, 
    0.048299532383680344, 
    0.45507028698921204, 
    -0.11714427173137665, 
    0.6409911513328552, 
    -0.05345992371439934, 
    -0.060860417783260345, 
    0.05355974659323692, 
    0.9789177179336548, 
    0.16651543974876404, 
    0.00011983191507169977, 
    1.5231859683990479, 
    -0.12883006036281586, 
    0.6311115622520447, 
    -0.4197768568992615, 
    -0.16987019777297974
]