[
    -0.0480646975338459, 
    0.01594742201268673, 
    0.016711633652448654, 
    -0.016189131885766983, 
    -0.01660223677754402, 
    0.009040787816047668, 
    -0.02769656851887703, 
    -0.0357666015625, 
    0.009143244475126266, 
    0.010856565088033676, 
    5.605193857299268e-45, 
    0.016526823863387108, 
    5.605193857299268e-45, 
    0.021528301760554314, 
    -0.03771870583295822, 
    -0.02185087278485298, 
    0.015293801203370094, 
    0.02007891982793808, 
    0.0006637727492488921, 
    0.01474873535335064, 
    0.007300063502043486, 
    -0.004841567482799292, 
    -0.14125628769397736, 
    0.008349630981683731, 
    -0.01926044374704361, 
    -0.032766710966825485, 
    0.02229226566851139, 
    5.605193857299268e-45, 
    0.00862635113298893, 
    0.013331322930753231, 
    5.605193857299268e-45, 
    0.011015315540134907, 
    -0.02720809541642666, 
    0.014362916350364685, 
    0.022812645882368088, 
    -0.01984499953687191, 
    5.605193857299268e-45, 
    -0.0890117809176445, 
    -0.025706470012664795, 
    0.012719794176518917, 
    0.013875610195100307, 
    0.01596209965646267, 
    -0.04544786736369133, 
    0.019670944660902023, 
    -0.08586712926626205, 
    -0.09613366425037384, 
    0.001996253617107868, 
    0.0022494506556540728, 
    -0.011803732253611088, 
    0.013553277589380741, 
    -0.0891607254743576, 
    -0.020649369806051254, 
    -0.14948846399784088, 
    0.012771794572472572, 
    0.012610804289579391, 
    5.605193857299268e-45, 
    -0.00237290863879025, 
    -0.02007208950817585, 
    0.014630472287535667, 
    0.004247311968356371, 
    0.010495857335627079, 
    -0.026013489812612534, 
    0.011427778750658035, 
    0.008717755787074566, 
    -0.041434504091739655, 
    -0.034356702119112015, 
    -0.006177283823490143, 
    5.605193857299268e-45, 
    -5.605193857299268e-45, 
    -0.05501198023557663, 
    -0.05192352831363678, 
    5.605193857299268e-45, 
    -0.032242823392152786, 
    -0.05539211630821228, 
    0.017487483099102974, 
    0.012555482797324657, 
    5.605193857299268e-45, 
    0.008587472140789032, 
    0.017214028164744377, 
    -0.052733324468135834, 
    0.016042521223425865, 
    0.015163946896791458, 
    -0.05187198519706726, 
    0.004663675557821989, 
    0.02277739904820919, 
    0.021901139989495277, 
    -0.06312911957502365, 
    0.013607590459287167, 
    0.017272159457206726, 
    0.014244538731873035, 
    -0.049219269305467606, 
    -0.04913086071610451, 
    0.07014892995357513, 
    -0.018082022666931152, 
    -5.605193857299268e-45, 
    5.605193857299268e-45, 
    0.010466568171977997, 
    -0.02793540433049202, 
    0.040476467460393906, 
    -0.08943373709917068, 
    -0.004532180726528168, 
    0.011274350807070732, 
    0.013575655408203602, 
    -0.0414973609149456, 
    0.009472799487411976, 
    0.1528405100107193, 
    0.001289780018851161, 
    0.01605568267405033, 
    5.605193857299268e-45, 
    0.03923685476183891, 
    0.0009645012323744595, 
    0.015256110578775406, 
    0.013801869004964828, 
    0.01812293380498886, 
    0.025756455957889557, 
    -0.030616039410233498, 
    -0.0963100865483284, 
    0.014373271726071835, 
    -0.04343792423605919, 
    -0.05981013551354408, 
    -0.010972077958285809, 
    0.01814858615398407, 
    0.019123297184705734, 
    0.01667724922299385, 
    0.01864532195031643, 
    0.026643984019756317, 
    0.017055179923772812, 
    0.012743037194013596, 
    -0.06890160590410233, 
    0.003957332577556372, 
    -0.0006463635363616049, 
    0.012612359598279, 
    0.016128089278936386, 
    0.0026726897340267897, 
    0.018600260838866234, 
    0.013790835626423359, 
    0.020064570009708405, 
    -0.060143426060676575, 
    0.05870253965258598, 
    -0.06617698818445206, 
    0.04213359206914902, 
    -0.11035645753145218, 
    -0.0027883416041731834, 
    5.605193857299268e-45, 
    -0.032323189079761505, 
    5.605193857299268e-45, 
    5.605193857299268e-45, 
    0.02567414566874504, 
    -0.09772315621376038, 
    0.013490262441337109, 
    -0.0007769265794195235, 
    0.028922874480485916, 
    -0.05285504460334778, 
    0.032930657267570496, 
    0.022228466346859932, 
    0.013021811842918396, 
    0.017021581530570984, 
    -0.04231351241469383, 
    -0.12131386250257492, 
    -0.04651560261845589, 
    0.006274953484535217, 
    0.030355175957083702, 
    0.008063890971243382, 
    0.014899073168635368, 
    0.01288317795842886, 
    5.605193857299268e-45, 
    0.019764816388487816, 
    0.02065911516547203, 
    -0.028436189517378807, 
    0.014414810575544834, 
    0.009797791950404644, 
    0.027209825813770294, 
    -0.026837386190891266, 
    0.011576774530112743, 
    -0.06990794092416763, 
    0.01080175768584013, 
    -0.023884236812591553, 
    -0.021597586572170258, 
    5.605193857299268e-45, 
    5.605193857299268e-45, 
    5.605193857299268e-45, 
    -0.049658212810754776, 
    -0.04231549799442291, 
    -0.024317685514688492, 
    -0.045858174562454224, 
    0.01601555198431015, 
    0.020948268473148346, 
    -0.07314123958349228, 
    -0.02553468942642212, 
    0.016421934589743614, 
    5.605193857299268e-45, 
    5.605193857299268e-45, 
    0.018248300999403, 
    0.013599234633147717, 
    0.01372057106345892, 
    -0.05388934910297394, 
    -0.017954742535948753, 
    0.011590039357542992, 
    -0.025319833308458328, 
    -0.0479995533823967, 
    0.013782432302832603, 
    -0.10143814980983734, 
    0.0006908184732310474, 
    0.01006239838898182, 
    0.014529080130159855, 
    0.011201544664800167, 
    0.021349409595131874, 
    -0.023185256868600845, 
    0.018466142937541008, 
    0.013710693456232548, 
    0.0335656963288784, 
    0.013500581495463848, 
    0.005158975254744291, 
    -0.07178327441215515, 
    0.012146432884037495, 
    0.012907945550978184, 
    -0.04845726490020752, 
    0.017092328518629074, 
    0.03588376194238663, 
    0.017521508038043976, 
    0.01787867397069931, 
    -0.055493611842393875, 
    0.02374156191945076, 
    0.009112260304391384, 
    -0.06960195302963257, 
    -0.0749831423163414, 
    0.011145507916808128, 
    -0.015261008404195309, 
    0.022683704271912575, 
    0.014164552092552185, 
    0.020520182326436043, 
    0.0512530617415905, 
    -0.0246623195707798, 
    0.01910768449306488, 
    5.605193857299268e-45, 
    5.605193857299268e-45, 
    -0.03485948219895363, 
    0.013999106362462044, 
    0.010835631750524044, 
    0.019477173686027527, 
    0.019106484949588776, 
    -0.11693722009658813, 
    -0.030585192143917084, 
    0.013136687688529491, 
    -0.0024014548398554325, 
    0.0012868507765233517, 
    -0.09730134159326553, 
    5.605193857299268e-45, 
    -0.03523549437522888, 
    -0.041685592383146286, 
    5.605193857299268e-45, 
    0.015619396232068539, 
    0.02063710056245327, 
    -0.1495460867881775, 
    -0.02670511044561863, 
    0.026709716767072678, 
    0.017284655943512917, 
    5.605193857299268e-45, 
    5.605193857299268e-45, 
    -0.02653055265545845, 
    -0.04470766335725784, 
    0.0012420102721080184, 
    0.0161911454051733, 
    -0.010284448973834515, 
    0.016243774443864822, 
    0.017595862969756126, 
    0.02097948081791401, 
    0.019411910325288773, 
    0.018655799329280853, 
    -0.05544571578502655, 
    0.007418804336339235, 
    -0.01421098317950964, 
    -0.02559899538755417, 
    0.007917104288935661, 
    0.01927218586206436, 
    0.013561208732426167, 
    0.019669728353619576, 
    -0.06029852479696274, 
    5.605193857299268e-45, 
    -0.04007196053862572, 
    0.020634617656469345, 
    0.016243088990449905, 
    0.011930357664823532, 
    5.605193857299268e-45, 
    5.605193857299268e-45, 
    0.0010002302005887032, 
    0.006315516773611307, 
    0.0014567411271855235, 
    0.009728910401463509, 
    5.605193857299268e-45, 
    -0.04204435274004936, 
    -0.00815058033913374, 
    0.013595005497336388, 
    -0.13487905263900757, 
    -0.051173340529203415, 
    0.010910188779234886, 
    -0.010949265211820602, 
    0.020972030237317085, 
    0.01429295539855957, 
    0.019969694316387177, 
    -0.03263949230313301, 
    -0.030575865879654884, 
    0.01641160249710083, 
    -0.030980901792645454, 
    -0.006648982875049114, 
    0.014803525991737843, 
    0.01671852171421051, 
    -0.022942060604691505, 
    -0.021314013749361038, 
    5.605193857299268e-45, 
    0.00597233884036541, 
    -0.0400744192302227, 
    0.007619732059538364, 
    -0.002505345968529582, 
    5.605193857299268e-45, 
    -0.05156705155968666, 
    0.01115828100591898, 
    0.014188973233103752, 
    0.011382101103663445, 
    -0.03141569718718529, 
    0.020232519134879112, 
    0.013066764920949936, 
    -0.023587234318256378, 
    -0.055610883980989456, 
    0.014549298211932182, 
    0.01571652665734291, 
    0.013385872356593609, 
    -0.05020534247159958, 
    -0.07286996394395828, 
    0.02019495703279972, 
    0.014249841682612896, 
    0.018526431173086166, 
    -0.029753807932138443, 
    -5.605193857299268e-45, 
    -0.0028683776035904884, 
    0.0068631861358881, 
    0.019062712788581848, 
    0.010499520227313042, 
    0.018437037244439125, 
    0.013864636421203613, 
    0.008968668058514595, 
    0.023625530302524567, 
    0.02117837592959404, 
    0.017216525971889496, 
    0.019226878881454468, 
    0.00859689898788929, 
    0.009352918714284897, 
    0.015441231429576874, 
    0.014356628060340881, 
    -0.05015784874558449, 
    0.019018003717064857, 
    0.01798991672694683, 
    5.605193857299268e-45, 
    0.015634139999747276, 
    0.013820712454617023, 
    -0.0057713803835213184, 
    0.018769368529319763, 
    -0.033458027988672256, 
    -0.02051543816924095, 
    -0.03850230574607849, 
    0.010563167743384838, 
    0.0036344381514936686, 
    0.019198056310415268, 
    -0.021176965907216072, 
    5.605193857299268e-45, 
    0.010293076746165752, 
    -0.03323452174663544, 
    0.01545040775090456, 
    5.605193857299268e-45, 
    5.605193857299268e-45, 
    -0.05357428267598152, 
    0.013273213990032673, 
    0.02202414534986019, 
    5.605193857299268e-45, 
    0.013917732983827591, 
    -5.605193857299268e-45, 
    0.013646778650581837, 
    -0.02958632819354534, 
    0.016263864934444427, 
    0.01697542890906334, 
    0.01812286302447319, 
    0.023612352088093758, 
    0.013586129993200302, 
    5.605193857299268e-45, 
    0.010887491516768932, 
    5.605193857299268e-45, 
    -0.0053619928658008575, 
    -0.006082057487219572, 
    5.605193857299268e-45, 
    5.605193857299268e-45, 
    0.015717966482043266, 
    4.2226109780063024e-19, 
    5.605193857299268e-45, 
    0.009774737060070038, 
    0.01741551235318184, 
    0.011068364605307579, 
    0.005316387861967087, 
    -0.04787326976656914, 
    0.016059614717960358, 
    -0.08914626389741898, 
    -0.053028181195259094, 
    0.01879684440791607, 
    5.605193857299268e-45, 
    -0.000679848191794008, 
    -0.07758522778749466, 
    -0.014078839682042599, 
    0.01400966476649046, 
    5.605193857299268e-45, 
    0.011874427087605, 
    -0.06066431105136871, 
    0.006174410227686167, 
    -0.0311360415071249, 
    0.014660952612757683, 
    0.020673085004091263, 
    0.016658714041113853, 
    5.605193857299268e-45, 
    0.012788745574653149, 
    -0.0351329930126667, 
    0.009601818397641182, 
    0.016560442745685577, 
    5.605193857299268e-45, 
    -0.0038784113712608814, 
    0.01645381934940815, 
    -0.01351505983620882, 
    0.00797324813902378, 
    0.012585068121552467, 
    5.605193857299268e-45, 
    0.01864500343799591, 
    -0.011321410536766052, 
    0.016977686434984207, 
    0.011123020201921463, 
    0.022142285481095314, 
    0.019154544919729233, 
    0.01542686764150858, 
    5.605193857299268e-45, 
    0.012334979139268398, 
    0.02412795089185238, 
    0.009221605025231838, 
    -0.08048126101493835, 
    0.015403191559016705, 
    -0.059103962033987045, 
    0.01865769550204277, 
    -0.0005954639054834843, 
    -0.03207972273230553, 
    0.010553293861448765, 
    5.605193857299268e-45, 
    -0.015213491395115852, 
    0.01945520006120205, 
    -0.027677390724420547, 
    0.014419169165194035, 
    0.013148379512131214, 
    5.605193857299268e-45, 
    5.605193857299268e-45, 
    0.01712927035987377, 
    5.605193857299268e-45, 
    -0.08365851640701294, 
    0.0062318299897015095, 
    5.605193857299268e-45, 
    5.605193857299268e-45, 
    0.0013736740220338106, 
    5.605193857299268e-45, 
    0.015612781047821045, 
    -0.027390282601118088, 
    -0.030696284025907516, 
    5.605193857299268e-45, 
    -0.020136266946792603, 
    0.01276710070669651, 
    0.01935228891670704, 
    0.01060040108859539, 
    -0.03376833721995354, 
    0.02092297188937664, 
    0.011498279869556427, 
    5.605193857299268e-45, 
    0.01682022400200367, 
    0.018386101350188255, 
    -0.005746589973568916, 
    0.030031245201826096, 
    -0.11633263528347015, 
    -0.035730309784412384, 
    5.605193857299268e-45, 
    -0.04329969733953476, 
    0.023595375940203667, 
    0.016137514263391495, 
    0.017598187550902367, 
    0.008432568050920963, 
    -0.10338665544986725, 
    5.605193857299268e-45, 
    -0.015660066157579422, 
    -0.020993011072278023, 
    0.011153459548950195, 
    -5.605193857299268e-45, 
    -0.043256137520074844, 
    5.605193857299268e-45, 
    -0.04435257241129875, 
    0.01204314362257719, 
    -0.06782527267932892, 
    5.605193857299268e-45, 
    -0.012247385457158089, 
    -0.03202535957098007, 
    -0.04263903945684433, 
    -0.05206301063299179, 
    -0.055216234177351, 
    0.01438007690012455, 
    -0.07601629197597504, 
    -0.11006541550159454, 
    -0.02409454435110092, 
    0.016963671892881393, 
    -0.03900349140167236, 
    0.015445944853127003, 
    0.021443406119942665, 
    -0.041232939809560776, 
    5.605193857299268e-45, 
    0.012690720148384571, 
    0.018990784883499146, 
    -0.029538914561271667, 
    0.01608363352715969, 
    0.014730723574757576, 
    0.018028680235147476, 
    -0.02177782915532589, 
    0.017141755670309067, 
    0.01584598794579506, 
    0.012043825350701809, 
    0.024303708225488663, 
    0.016462547704577446, 
    0.015396683476865292, 
    -0.11751151084899902, 
    0.017931321635842323, 
    -0.06480584293603897, 
    -0.034797217696905136, 
    5.605193857299268e-45, 
    -0.0846497043967247, 
    0.01345207542181015, 
    0.02770158275961876, 
    -0.002757311100140214, 
    -0.032655466347932816, 
    0.012613859958946705, 
    -0.055499590933322906, 
    -0.050974030047655106, 
    6.662671512458473e-05, 
    0.008063209243118763, 
    0.0157260000705719, 
    0.015958895906805992, 
    -0.061740078032016754, 
    0.02282756194472313, 
    -0.03390157222747803, 
    5.605193857299268e-45, 
    0.012755714356899261, 
    -0.07935862988233566, 
    -0.0189565047621727, 
    0.019132114946842194, 
    0.009456616826355457, 
    -0.045148588716983795, 
    5.605193857299268e-45, 
    0.015251143835484982, 
    -0.017029548063874245, 
    0.003067960264161229, 
    5.605193857299268e-45, 
    0.023086531087756157, 
    0.01120423711836338, 
    0.010745888575911522, 
    -0.007105969358235598, 
    0.016240112483501434, 
    0.002338608494028449, 
    -0.04689433053135872, 
    -5.605193857299268e-45, 
    0.012304582633078098, 
    -0.09829097986221313, 
    -0.021505223587155342, 
    0.02109084464609623, 
    0.011606931686401367, 
    -0.056310974061489105, 
    -0.04266265034675598, 
    0.0101170614361763, 
    0.01678195409476757, 
    -0.05167659744620323, 
    -0.0044813090935349464, 
    -0.03862790763378143, 
    -0.01842687837779522, 
    0.019991600885987282, 
    -0.11213041841983795, 
    -0.03857876732945442, 
    0.013710503466427326, 
    0.014991678297519684, 
    -0.006520614959299564, 
    0.023699378594756126, 
    0.012160649523139, 
    0.017253469675779343, 
    0.004619289189577103, 
    -0.02778306044638157, 
    0.0022552330046892166, 
    5.605193857299268e-45, 
    0.0068215117789804935, 
    5.605193857299268e-45, 
    0.013499535620212555, 
    0.009728798642754555, 
    0.014253530651330948, 
    -0.030027976259589195, 
    0.020750103518366814, 
    -5.605193857299268e-45, 
    0.013171893544495106, 
    0.017427895218133926, 
    -0.01511409692466259, 
    0.02365357056260109, 
    -5.605193857299268e-45, 
    0.014264145866036415, 
    0.013082134537398815, 
    0.0021170976106077433, 
    -0.14515221118927002, 
    0.033731166273355484, 
    5.605193857299268e-45, 
    0.015677057206630707, 
    -0.035279300063848495, 
    -0.024898087605834007, 
    -0.04269849509000778, 
    0.015652619302272797, 
    0.018207304179668427, 
    0.00846286304295063, 
    -0.02548139914870262, 
    -0.05536637082695961, 
    0.01857660710811615, 
    -0.012890688143670559, 
    -0.037667687982320786, 
    -0.21286019682884216, 
    -0.04059314355254173, 
    5.605193857299268e-45, 
    0.021248243749141693, 
    0.009889367036521435, 
    0.012638057582080364, 
    5.605193857299268e-45, 
    0.01349348109215498, 
    0.020258307456970215, 
    0.04604127258062363, 
    0.014177373610436916, 
    -0.006927668582648039, 
    -0.007935896515846252, 
    0.014674022793769836, 
    0.019622772932052612, 
    5.605193857299268e-45, 
    0.00319352257065475, 
    0.0239734910428524, 
    -0.03879384323954582, 
    5.605193857299268e-45, 
    -0.03319647163152695, 
    -0.021270956844091415, 
    -0.07416187971830368, 
    -0.0029940628446638584, 
    0.029461409896612167, 
    0.014056315645575523, 
    -0.02671060897409916, 
    0.014843021519482136, 
    0.006546518299728632, 
    -0.00905837956815958, 
    0.023457445204257965, 
    -0.0646929144859314, 
    -0.014726698398590088, 
    0.026925573125481606, 
    0.015220500528812408, 
    -0.0292902123183012, 
    0.013027758337557316, 
    0.01451700460165739, 
    -0.00727461464703083, 
    -0.061263106763362885, 
    0.01681927591562271, 
    -0.12484172731637955, 
    -0.03924258425831795, 
    5.605193857299268e-45, 
    5.605193857299268e-45, 
    0.010212505236268044, 
    0.00549539178609848, 
    0.014793350361287594, 
    0.004131746012717485, 
    0.016069144010543823, 
    0.014307918027043343, 
    0.016919095069169998, 
    0.01785418391227722, 
    5.605193857299268e-45, 
    -0.045783352106809616, 
    -0.017980609089136124, 
    -0.054779842495918274, 
    -0.05844162777066231, 
    -0.029083063825964928, 
    0.016195977106690407, 
    0.01764095388352871, 
    0.014714020304381847, 
    0.012092684395611286, 
    5.605193857299268e-45, 
    -0.02171267941594124, 
    0.009562894701957703, 
    -0.08820738643407822, 
    0.02149329148232937, 
    0.018972095102071762, 
    0.02368614450097084, 
    -0.05174073204398155, 
    0.015266128815710545, 
    0.022813962772488594, 
    0.009949706494808197, 
    0.016498291864991188, 
    -0.10931554436683655, 
    0.0007795875426381826, 
    5.605193857299268e-45, 
    5.605193857299268e-45, 
    -0.04555174335837364, 
    -0.08989641070365906, 
    -0.0809389129281044, 
    0.015750503167510033, 
    0.014226681552827358, 
    -0.009974939748644829, 
    0.014972630888223648, 
    0.024400603026151657, 
    -0.012783569283783436, 
    5.605193857299268e-45, 
    0.021815389394760132, 
    -0.01646219938993454, 
    -5.605193857299268e-45, 
    0.007139383349567652, 
    0.011347424238920212, 
    0.012252537533640862, 
    0.013328108936548233, 
    -0.01571480929851532, 
    0.01937328651547432, 
    0.020374516025185585, 
    -0.04214216396212578, 
    5.605193857299268e-45, 
    0.00915370974689722, 
    5.605193857299268e-45, 
    0.014673002995550632, 
    0.010062160901725292, 
    0.0034057956654578447, 
    5.605193857299268e-45, 
    0.0034844798501580954, 
    -0.0060702539049088955, 
    0.016983864828944206, 
    0.0113794831559062, 
    0.013381908647716045, 
    0.0009723262628540397, 
    0.009738064371049404, 
    0.09569762647151947, 
    -0.058466050773859024, 
    0.005367868114262819, 
    0.01794291101396084, 
    5.605193857299268e-45, 
    0.022213490679860115, 
    0.010494550690054893, 
    5.605193857299268e-45, 
    0.011034900322556496, 
    -0.027911324054002762, 
    0.013229143805801868, 
    0.015954624861478806, 
    0.022266769781708717, 
    0.027858203276991844, 
    -0.07572900503873825, 
    5.605193857299268e-45, 
    5.605193857299268e-45, 
    0.024215510115027428, 
    0.021090056747198105, 
    5.605193857299268e-45, 
    -0.010359405539929867, 
    -5.605193857299268e-45, 
    0.01593012735247612, 
    0.02001338079571724, 
    0.07322945445775986, 
    0.028505556285381317, 
    0.016996752470731735, 
    -0.04464931786060333, 
    -0.0026427190750837326, 
    0.016110677272081375, 
    -0.012661917135119438, 
    0.021142220124602318, 
    0.015650473535060883, 
    0.006562238093465567, 
    0.011313052847981453, 
    -0.02498963288962841, 
    -0.09860348701477051, 
    -0.04114389792084694, 
    -0.10798625648021698, 
    0.013736761175096035, 
    0.005211314652115107, 
    0.01695268601179123, 
    -0.002797255525365472, 
    0.011971794068813324, 
    0.01873822696506977, 
    -0.03911009803414345, 
    0.004434055183082819, 
    0.013632102869451046, 
    -0.062321241945028305, 
    -0.056527264416217804, 
    -0.047159962356090546, 
    0.0071696932427585125, 
    -0.005814605858176947, 
    -0.08993806689977646, 
    0.01300259493291378, 
    0.005104853771626949, 
    0.030793307349085808, 
    0.030470408499240875, 
    0.029832683503627777, 
    5.605193857299268e-45, 
    -0.062053654342889786, 
    0.011130019091069698, 
    -0.06213228031992912, 
    -0.021056953817605972, 
    -0.012705005705356598, 
    0.01917516626417637, 
    -0.07156539708375931, 
    -0.23501627147197723, 
    0.012854118831455708, 
    0.014501676894724369, 
    0.012888678349554539, 
    0.01190048549324274, 
    2.394658316777623e-32, 
    -0.015524785034358501, 
    -0.015461192466318607, 
    5.605193857299268e-45, 
    0.02677566185593605, 
    0.03132793307304382, 
    -0.07355814427137375, 
    0.006968328263610601, 
    0.011042975820600986, 
    -0.09501046687364578, 
    0.027840454131364822, 
    0.014799543656408787, 
    -0.06568943709135056, 
    0.030173178762197495, 
    0.008699227124452591, 
    -0.017365336418151855, 
    0.013636356219649315, 
    -0.041624683886766434, 
    -0.030233360826969147, 
    0.0202226210385561, 
    -0.04516931250691414, 
    0.021670522168278694, 
    0.011261367239058018, 
    0.015349597670137882, 
    -0.07991078495979309, 
    -0.008412137627601624, 
    0.01956193894147873, 
    -0.014032295905053616, 
    0.023275014013051987, 
    -0.032881490886211395, 
    0.019129278138279915, 
    -0.05766845867037773, 
    -0.009768343530595303, 
    5.605193857299268e-45, 
    0.01694606989622116, 
    -0.051900964230298996, 
    0.006830528844147921, 
    5.605193857299268e-45, 
    0.0275006964802742, 
    -0.06157984584569931, 
    0.01653623953461647, 
    0.017876917496323586, 
    0.017342597246170044, 
    -0.04816312715411186, 
    0.021554654464125633, 
    -0.0015685261460021138, 
    0.008940834552049637, 
    -0.02573573589324951, 
    -0.005166715011000633, 
    0.017340516671538353, 
    -0.003298191586509347, 
    0.01756766252219677, 
    0.013766380958259106, 
    5.605193857299268e-45, 
    -0.023964673280715942, 
    -0.02517736330628395, 
    -0.033488672226667404, 
    0.013132615014910698, 
    0.0180720966309309, 
    0.0367453470826149, 
    5.605193857299268e-45, 
    0.011531279422342777, 
    0.01855824515223503, 
    -0.043395694345235825, 
    0.015736274421215057, 
    5.605193857299268e-45, 
    5.605193857299268e-45, 
    0.015928005799651146, 
    0.012359483167529106, 
    0.018902920186519623, 
    0.01201525330543518, 
    0.052741196006536484, 
    0.018693650141358376, 
    0.017505988478660583, 
    -5.605193857299268e-45, 
    0.012946901842951775, 
    0.008215697482228279, 
    0.0004903550143353641, 
    -0.03846914321184158, 
    -0.0342177078127861, 
    -0.03239808604121208, 
    0.023701539263129234, 
    0.004600835498422384, 
    -0.01597100868821144, 
    5.605193857299268e-45, 
    0.014071686193346977, 
    0.00415332755073905, 
    -0.018454430624842644, 
    -0.04398411884903908, 
    0.014208175241947174, 
    0.014680854044854641, 
    -0.06682248413562775, 
    0.06307625025510788, 
    -0.034309759736061096, 
    -0.04545709863305092, 
    -0.013471527956426144, 
    0.012251067906618118, 
    0.013842706568539143, 
    0.0474918931722641, 
    0.011932196095585823, 
    0.016244394704699516, 
    0.011335217393934727, 
    5.605193857299268e-45, 
    0.017342878505587578, 
    0.016667144373059273, 
    -0.012143293395638466, 
    0.022297009825706482, 
    -0.029639514163136482, 
    -0.045384481549263, 
    0.01524685975164175, 
    0.008115320466458797, 
    0.02097206935286522, 
    -0.04686206579208374, 
    -0.1089676171541214, 
    -0.025111829861998558, 
    0.007109828293323517, 
    0.04839916527271271, 
    -0.03020520508289337, 
    -0.06560711562633514, 
    0.011101808398962021, 
    0.019489357247948647, 
    -0.07396387308835983, 
    -0.1424964964389801, 
    -0.044093057513237, 
    0.011530413292348385, 
    5.605193857299268e-45, 
    -0.03451976552605629, 
    0.014192944392561913, 
    -0.031831979751586914, 
    5.605193857299268e-45, 
    0.014353757724165916, 
    -0.05101650208234787, 
    -0.05683727562427521, 
    -0.031648676842451096, 
    5.605193857299268e-45, 
    0.01462850533425808, 
    -0.07447090744972229, 
    5.605193857299268e-45, 
    -0.01915760710835457, 
    0.011952781118452549, 
    0.011524219997227192, 
    0.014400111511349678, 
    -5.605193857299268e-45, 
    0.015527365729212761, 
    -0.013100591488182545, 
    0.012886873446404934, 
    0.008483711630105972, 
    0.01042101439088583, 
    0.015753334388136864, 
    0.010462559759616852, 
    0.011484912596642971, 
    0.012280358001589775, 
    0.00814703106880188, 
    0.010013073682785034, 
    5.605193857299268e-45, 
    0.007300975266844034, 
    0.003795893397182226, 
    0.014478753320872784, 
    -0.06164031848311424, 
    -0.03402373194694519, 
    0.019281946122646332, 
    0.015411799773573875, 
    0.010192939080297947, 
    -0.02472558431327343, 
    5.605193857299268e-45, 
    5.605193857299268e-45, 
    5.605193857299268e-45, 
    0.00941243302077055, 
    0.01906212605535984, 
    0.012638021260499954, 
    0.01617080718278885, 
    -0.05606677755713463, 
    0.0183508712798357, 
    0.009647319093346596, 
    5.605193857299268e-45, 
    -0.03677890822291374, 
    -5.605193857299268e-45, 
    0.006557780783623457, 
    -0.012058420106768608, 
    0.014233686029911041, 
    0.008915548212826252, 
    5.605193857299268e-45, 
    -0.039914436638355255, 
    -0.03315943479537964, 
    0.016779182478785515, 
    -0.02587171457707882, 
    0.010828972794115543, 
    0.01302011962980032, 
    0.004448287654668093, 
    -0.04249589890241623, 
    -0.12208689004182816, 
    -0.0026804970111697912, 
    0.014733624644577503, 
    0.020257722586393356, 
    -0.047192562371492386, 
    0.024919310584664345, 
    -0.03581180423498154, 
    0.014737693592905998, 
    0.018295444548130035, 
    -0.0514497272670269, 
    -0.06681874394416809, 
    0.018266014754772186, 
    0.01438457053154707, 
    0.019728481769561768, 
    -0.032760269939899445, 
    -0.011818385683000088, 
    -0.037240106612443924, 
    0.011229368858039379, 
    0.012910448014736176, 
    0.011629218235611916, 
    0.019796447828412056, 
    0.01922929286956787, 
    -5.605193857299268e-45, 
    -0.0847790539264679, 
    0.014954270794987679, 
    0.017499178647994995
]