[
    -0.41186293959617615, 
    0.02616020478308201, 
    0.08132364600896835, 
    0.7754359245300293, 
    -0.2885715365409851, 
    0.09649883955717087, 
    -0.3679179847240448, 
    -0.3972940444946289, 
    0.09591244906187057, 
    0.03993560001254082, 
    -0.16482074558734894, 
    0.09232082217931747, 
    -0.008349491283297539, 
    0.14070011675357819, 
    0.3433340787887573, 
    -0.2157503366470337, 
    0.13123716413974762, 
    -0.054393161088228226, 
    0.06680432707071304, 
    0.10277366638183594, 
    -0.012543687596917152, 
    -0.20658785104751587, 
    -0.12848596274852753, 
    0.08654771745204926, 
    -0.4147632420063019, 
    0.5526872873306274, 
    0.07135133445262909, 
    -0.0007349157822318375, 
    0.0847899466753006, 
    0.05945286899805069, 
    -0.010548080317676067, 
    0.0766778290271759, 
    0.6252095103263855, 
    0.07748506963253021, 
    0.12661267817020416, 
    -0.11788282543420792, 
    0.000978554249741137, 
    0.08894013613462448, 
    0.5784626007080078, 
    0.07757582515478134, 
    0.09356821328401566, 
    0.06426474452018738, 
    0.2862398624420166, 
    0.03412673622369766, 
    0.13892695307731628, 
    0.04623556509613991, 
    0.04302753508090973, 
    -0.14284880459308624, 
    -0.21630263328552246, 
    0.09379183501005173, 
    0.6545204520225525, 
    -0.17159207165241241, 
    -0.10027921199798584, 
    0.001040112809278071, 
    -0.0019181784009560943, 
    -0.0015235027531161904, 
    -0.1917869746685028, 
    -0.11092285066843033, 
    0.06301626563072205, 
    -0.14543361961841583, 
    0.046006616204977036, 
    -0.1776200234889984, 
    0.018619824200868607, 
    0.09285835921764374, 
    0.23196198046207428, 
    0.4872165620326996, 
    -0.23009851574897766, 
    -0.007748566567897797, 
    -0.0016277560498565435, 
    0.049050699919462204, 
    0.46102583408355713, 
    -0.002612639917060733, 
    -0.4140479862689972, 
    0.09051220118999481, 
    0.12461385875940323, 
    0.11275070160627365, 
    0.00912039540708065, 
    0.09286145120859146, 
    0.08682963252067566, 
    0.2094908356666565, 
    0.09722640365362167, 
    0.010726277716457844, 
    0.16184823215007782, 
    0.07697717100381851, 
    -0.005809361580759287, 
    0.07568465173244476, 
    0.20605933666229248, 
    -0.03277680277824402, 
    0.03610130026936531, 
    0.0017517886590212584, 
    0.4656391143798828, 
    0.1857893019914627, 
    -0.08064188063144684, 
    -0.15543116629123688, 
    -0.005348331294953823, 
    -0.004630535840988159, 
    0.0688442811369896, 
    0.5025045275688171, 
    -0.13479259610176086, 
    0.009503824636340141, 
    -0.4386729598045349, 
    0.08501718938350677, 
    0.10831035673618317, 
    0.2596193850040436, 
    0.0910290852189064, 
    -0.38805872201919556, 
    0.0763193666934967, 
    0.0778222382068634, 
    -0.0015114779816940427, 
    -0.17165391147136688, 
    0.07921135425567627, 
    0.1014551967382431, 
    0.11313438415527344, 
    0.11054637283086777, 
    0.11866293847560883, 
    0.2017224133014679, 
    0.09395573288202286, 
    0.11789193004369736, 
    0.3282448351383209, 
    0.3220028281211853, 
    -0.17077532410621643, 
    0.07433101534843445, 
    0.12409177422523499, 
    0.10008728504180908, 
    0.02112874947488308, 
    0.09606005251407623, 
    0.04764952138066292, 
    0.06489486247301102, 
    0.008850770071148872, 
    0.07177853584289551, 
    -0.021859291940927505, 
    0.12264765799045563, 
    0.132206529378891, 
    0.04375562444329262, 
    0.10679064691066742, 
    0.06729850172996521, 
    0.043546322733163834, 
    0.057701773941516876, 
    -0.15696598589420319, 
    0.13005368411540985, 
    -0.28984421491622925, 
    0.05672987923026085, 
    -0.19582097232341766, 
    0.0011945400619879365, 
    0.10836221277713776, 
    -0.0032372926361858845, 
    -0.004504971206188202, 
    -0.03936123475432396, 
    0.12835480272769928, 
    0.09568094462156296, 
    -0.15575473010540009, 
    -0.0035302757751196623, 
    0.406048983335495, 
    0.15117403864860535, 
    0.14303044974803925, 
    0.02323395572602749, 
    0.1108006089925766, 
    0.21691249310970306, 
    -0.0010629466269165277, 
    0.5612519979476929, 
    -0.14845460653305054, 
    0.10417167097330093, 
    0.040212009102106094, 
    0.07043546438217163, 
    0.07526920735836029, 
    0.021049046888947487, 
    0.12227942794561386, 
    0.040585681796073914, 
    0.5954340696334839, 
    0.1196465939283371, 
    0.09861665219068527, 
    -0.0020248976070433855, 
    -0.27234700322151184, 
    -0.020548386499285698, 
    0.004628684371709824, 
    0.092147596180439, 
    -0.33621299266815186, 
    -0.04888424649834633, 
    -0.0246973168104887, 
    0.004066486842930317, 
    0.0004740898439195007, 
    0.22305092215538025, 
    0.2438967078924179, 
    -0.29809385538101196, 
    0.28539353609085083, 
    0.009541811421513557, 
    0.016427088528871536, 
    0.11952396482229233, 
    -0.20685917139053345, 
    0.07881057262420654, 
    0.010380851104855537, 
    0.04817257076501846, 
    -0.08719488978385925, 
    0.10565055906772614, 
    0.07616038620471954, 
    0.21221482753753662, 
    -0.282783567905426, 
    0.08027111738920212, 
    0.7752220630645752, 
    0.3797440826892853, 
    0.10993219912052155, 
    -0.025922996923327446, 
    0.07136740535497665, 
    0.09615999460220337, 
    0.052800558507442474, 
    0.11095572263002396, 
    -0.10087493807077408, 
    0.5174504518508911, 
    0.13217587769031525, 
    0.10449624061584473, 
    0.07998830825090408, 
    0.04725922271609306, 
    0.0789438933134079, 
    0.2141609787940979, 
    0.11420463025569916, 
    0.10530950129032135, 
    0.17776049673557281, 
    0.0681345984339714, 
    0.03795058652758598, 
    0.05058053508400917, 
    -0.0010368784423917532, 
    0.1222286969423294, 
    0.14218252897262573, 
    0.0823507234454155, 
    0.10800613462924957, 
    0.04682326316833496, 
    0.09816102683544159, 
    -0.12082363665103912, 
    0.09705039858818054, 
    0.11773284524679184, 
    0.027227919548749924, 
    -0.231414332985878, 
    -0.3237767517566681, 
    0.09590672701597214, 
    -0.007567047141492367, 
    -0.021697962656617165, 
    0.5147839188575745, 
    0.07919400185346603, 
    0.10604030638933182, 
    0.03639181703329086, 
    0.12673482298851013, 
    0.03371497616171837, 
    0.5040748119354248, 
    0.11359594762325287, 
    -0.2122960239648819, 
    0.024315906688570976, 
    -0.043798837810754776, 
    -0.00201192544773221, 
    0.010755184106528759, 
    0.3841031789779663, 
    -0.016168128699064255, 
    0.10338180512189865, 
    0.07544587552547455, 
    -0.10809405148029327, 
    0.6298126578330994, 
    0.07263826578855515, 
    0.10338139533996582, 
    0.00020318602037150413, 
    0.0074045006185770035, 
    0.030867459252476692, 
    0.22492899000644684, 
    0.07497145235538483, 
    0.07801059633493423, 
    -0.04535869508981705, 
    -0.06922592967748642, 
    0.1141834631562233, 
    0.08064540475606918, 
    0.07129166275262833, 
    0.11530543118715286, 
    0.14564421772956848, 
    0.08829871565103531, 
    -0.12052396684885025, 
    -0.22209593653678894, 
    0.08741527795791626, 
    0.04774476960301399, 
    0.10017096251249313, 
    0.012237053364515305, 
    0.12826290726661682, 
    0.0009595716837793589, 
    0.2160099744796753, 
    0.1412123739719391, 
    0.07026718556880951, 
    0.08348273485898972, 
    -0.002915201475843787, 
    0.0028902858030050993, 
    0.07624006271362305, 
    0.07126045227050781, 
    -0.05076536163687706, 
    0.06487898528575897, 
    -0.0018273316090926528, 
    0.22658079862594604, 
    -0.2620747983455658, 
    0.03441578894853592, 
    -0.005917688366025686, 
    0.23948261141777039, 
    0.0820392295718193, 
    -0.1140681728720665, 
    0.13266460597515106, 
    0.05653861537575722, 
    0.08778070658445358, 
    0.5937458276748657, 
    0.7494678497314453, 
    0.005091581027954817, 
    0.5451875925064087, 
    -0.1228787750005722, 
    0.08544283360242844, 
    0.109386146068573, 
    0.4335312843322754, 
    -0.30664297938346863, 
    -0.007280720863491297, 
    -0.21659013628959656, 
    0.24226900935173035, 
    -0.08220390230417252, 
    -0.37152397632598877, 
    -0.003123827977105975, 
    0.2494594156742096, 
    0.09174541383981705, 
    0.04337088391184807, 
    0.0463690422475338, 
    0.3965105712413788, 
    0.03405897319316864, 
    0.10652469843626022, 
    -0.32172316312789917, 
    0.2640644311904907, 
    0.07598618417978287, 
    0.12497912347316742, 
    0.07316432893276215, 
    -0.11373692005872726, 
    -0.00188817351590842, 
    0.024213872849941254, 
    0.11714828759431839, 
    0.11831510066986084, 
    0.5009928941726685, 
    -0.014597014524042606, 
    -0.32415616512298584, 
    0.0596364289522171, 
    0.09312524646520615, 
    0.07713927328586578, 
    0.12524853646755219, 
    0.10890329629182816, 
    0.05898607522249222, 
    0.05522763729095459, 
    0.06705541908740997, 
    0.12540699541568756, 
    0.03988690301775932, 
    -0.04188251122832298, 
    0.09744424372911453, 
    0.015406519174575806, 
    0.12367188185453415, 
    0.3737681210041046, 
    0.11912761628627777, 
    0.15330731868743896, 
    -0.004134493414312601, 
    0.1089286208152771, 
    0.11964445561170578, 
    -0.23687541484832764, 
    0.14147451519966125, 
    0.5436750054359436, 
    -0.21784690022468567, 
    0.5083518028259277, 
    0.07892418652772903, 
    0.06563082337379456, 
    0.043688803911209106, 
    0.7145110964775085, 
    -0.013515141792595387, 
    0.09729402512311935, 
    0.27917471528053284, 
    0.11953290551900864, 
    -0.020388666540384293, 
    -0.00841983687132597, 
    0.18012380599975586, 
    0.11088985949754715, 
    -0.001835007918998599, 
    0.003949430305510759, 
    0.05568292737007141, 
    -0.005519907921552658, 
    0.07000710070133209, 
    0.5824644565582275, 
    0.02758658491075039, 
    0.12100539356470108, 
    0.027255043387413025, 
    0.0419938750565052, 
    0.09742465615272522, 
    -0.002340577309951186, 
    0.09209560602903366, 
    -0.00030995681299827993, 
    0.1625298261642456, 
    -0.11957970261573792, 
    0.0010841520270332694, 
    0.0016126999398693442, 
    -0.027605213224887848, 
    -0.009860126301646233, 
    -0.016479721292853355, 
    0.06864172965288162, 
    0.12996941804885864, 
    0.10832028090953827, 
    0.07490555197000504, 
    0.3364206850528717, 
    0.10450366139411926, 
    -0.014110229909420013, 
    0.31822916865348816, 
    0.11417049914598465, 
    0.021311286836862564, 
    -0.06917041540145874, 
    0.0927552729845047, 
    -0.19921201467514038, 
    0.16148963570594788, 
    0.0015887675108388066, 
    0.09255604445934296, 
    0.11397705227136612, 
    0.09948934614658356, 
    0.4997251331806183, 
    0.12598253786563873, 
    0.08128736913204193, 
    0.10622070729732513, 
    -0.05598593130707741, 
    0.11038807034492493, 
    0.4396899938583374, 
    -0.052238140255212784, 
    0.08519604802131653, 
    -0.007428435608744621, 
    -0.10836385190486908, 
    0.11529355496168137, 
    -0.23965343832969666, 
    0.062076568603515625, 
    0.1045738160610199, 
    0.04936838150024414, 
    0.06976604461669922, 
    -0.40570002794265747, 
    0.028554273769259453, 
    0.09459616988897324, 
    0.04586329683661461, 
    0.07903065532445908, 
    0.11782283335924149, 
    -0.00016245178994722664, 
    0.10116968303918839, 
    0.048963047564029694, 
    0.0931532233953476, 
    0.0921761766076088, 
    0.1247134804725647, 
    0.21654833853244781, 
    0.1289166957139969, 
    -0.03499450162053108, 
    0.44470688700675964, 
    0.07291526347398758, 
    -0.006736165378242731, 
    -0.2860412895679474, 
    0.10954385995864868, 
    -0.3433113396167755, 
    0.11950744688510895, 
    0.11441865563392639, 
    -0.009965896606445312, 
    0.0016294348752126098, 
    0.06178748980164528, 
    -0.018694406375288963, 
    0.23856377601623535, 
    0.07741990685462952, 
    0.011901660822331905, 
    -0.00965430773794651, 
    0.029635123908519745, 
    -0.00020122162823099643, 
    0.09193569421768188, 
    -0.24395419657230377, 
    0.5551311373710632, 
    -0.014857444912195206, 
    -0.27881377935409546, 
    0.10531170666217804, 
    0.10187357664108276, 
    0.09696771949529648, 
    0.43786171078681946, 
    0.04982650652527809, 
    0.03720339015126228, 
    -0.002429524902254343, 
    0.10168419778347015, 
    -0.0009039627620950341, 
    -0.03791069984436035, 
    -0.04750033840537071, 
    -0.05039303004741669, 
    0.47257786989212036, 
    -0.002118500415235758, 
    0.40590667724609375, 
    -0.25776341557502747, 
    0.06565648317337036, 
    0.04944227263331413, 
    0.08498028665781021, 
    -0.025511670857667923, 
    -0.016510052606463432, 
    -0.24695999920368195, 
    0.6990764141082764, 
    0.01663815602660179, 
    -0.023946711793541908, 
    -0.043899498879909515, 
    0.006274951621890068, 
    0.05878252908587456, 
    0.1129920557141304, 
    0.06453129649162292, 
    0.0071812402456998825, 
    -0.1108105331659317, 
    -0.3595024347305298, 
    0.18166734278202057, 
    0.5859496593475342, 
    0.14344462752342224, 
    0.04447256773710251, 
    0.030407601967453957, 
    -0.05199289694428444, 
    0.5573956966400146, 
    0.015608544461429119, 
    0.32258373498916626, 
    0.09227368980646133, 
    0.06020168587565422, 
    0.40162044763565063, 
    -0.0032962216064333916, 
    0.12436407059431076, 
    0.13250446319580078, 
    -0.11957108229398727, 
    0.09499575197696686, 
    0.19627897441387177, 
    0.1040547788143158, 
    -0.09821371734142303, 
    -0.0401240698993206, 
    0.061605390161275864, 
    0.0821557343006134, 
    -0.004473218694329262, 
    0.07681767642498016, 
    0.1126575842499733, 
    -0.13020165264606476, 
    0.13630501925945282, 
    0.20588018000125885, 
    0.4184878170490265, 
    -0.001905799494124949, 
    0.07915902882814407, 
    0.11380953341722488, 
    -0.1352757215499878, 
    -0.09221850335597992, 
    0.14775808155536652, 
    0.11187003552913666, 
    0.11431930214166641, 
    0.16158252954483032, 
    -0.0008655636920593679, 
    0.08708956837654114, 
    0.031412046402692795, 
    -0.026850596070289612, 
    0.14067843556404114, 
    0.020979532971978188, 
    -0.16759347915649414, 
    -0.001469683600589633, 
    0.0980483740568161, 
    0.19050227105617523, 
    0.8275007009506226, 
    0.10058606415987015, 
    0.09842043370008469, 
    0.5071064233779907, 
    -0.0061359889805316925, 
    0.0608387254178524, 
    -0.12807795405387878, 
    0.053173478692770004, 
    0.005028754938393831, 
    0.07756710052490234, 
    0.09737356752157211, 
    0.09577483683824539, 
    0.3307304382324219, 
    0.016347916796803474, 
    -0.036934223026037216, 
    0.3688507080078125, 
    -0.0023605176247656345, 
    0.05828145891427994, 
    0.008712160401046276, 
    -0.3352929353713989, 
    0.019384507089853287, 
    0.09496840834617615, 
    0.11698426306247711, 
    0.5383115410804749, 
    -0.036785367876291275, 
    0.11183469742536545, 
    0.3047718405723572, 
    -0.10002642124891281, 
    0.6213985681533813, 
    -0.25775066018104553, 
    -0.033308397978544235, 
    -0.1370227336883545, 
    -0.2667798697948456, 
    0.0789673700928688, 
    -0.12381542474031448, 
    -0.2045091986656189, 
    0.161550372838974, 
    0.058140289038419724, 
    0.06234043836593628, 
    -0.010329103097319603, 
    0.6279531121253967, 
    -0.10548647493124008, 
    -0.007109674159437418, 
    0.09038837999105453, 
    -0.0019021333428099751, 
    0.051902879029512405, 
    0.04611286148428917, 
    0.03886624053120613, 
    0.4444583058357239, 
    0.06970153748989105, 
    -0.06208816170692444, 
    0.1040559634566307, 
    0.011035796254873276, 
    -0.3291429579257965, 
    0.06849624961614609, 
    -0.010047058574855328, 
    0.03408467397093773, 
    0.058224115520715714, 
    0.055738665163517, 
    -0.10263906419277191, 
    -0.1036711186170578, 
    0.029155869036912918, 
    0.12253962457180023, 
    0.3998572528362274, 
    -0.2570860981941223, 
    0.6092526316642761, 
    0.0432451106607914, 
    0.07356470078229904, 
    0.08004166185855865, 
    -0.3733750581741333, 
    0.17190329730510712, 
    0.13888652622699738, 
    -0.07624496519565582, 
    0.33412688970565796, 
    -0.28806620836257935, 
    -0.26257798075675964, 
    0.043258700519800186, 
    0.1275596022605896, 
    0.0951530858874321, 
    0.08037752658128738, 
    0.02548016794025898, 
    0.07609491795301437, 
    0.11117302626371384, 
    -0.12096605449914932, 
    0.082269586622715, 
    -0.35927438735961914, 
    -0.161376491189003, 
    0.10248327255249023, 
    0.1013035848736763, 
    -0.001083185663446784, 
    0.0495944544672966, 
    0.09701678901910782, 
    0.1293150931596756, 
    0.0011783497175201774, 
    0.4999218285083771, 
    -0.23021967709064484, 
    -0.03898334130644798, 
    -0.09130875021219254, 
    0.0007759529980830848, 
    0.11847659945487976, 
    -0.34843936562538147, 
    0.11959704011678696, 
    0.07508564740419388, 
    -0.23203016817569733, 
    -0.023600926622748375, 
    0.021244220435619354, 
    -0.27574241161346436, 
    -0.04448059946298599, 
    0.06953690946102142, 
    0.475736528635025, 
    0.11332636326551437, 
    0.11616981774568558, 
    -0.28466808795928955, 
    0.011670066975057125, 
    0.11570039391517639, 
    -0.0956093966960907, 
    0.28257688879966736, 
    -0.02453327551484108, 
    -0.0006746849976480007, 
    0.09921538829803467, 
    0.0758114829659462, 
    0.08347958326339722, 
    0.07952307909727097, 
    0.05680657923221588, 
    0.12288323044776917, 
    0.06845209002494812, 
    0.05470051243901253, 
    -0.0018943613395094872, 
    0.16078534722328186, 
    -0.2718963027000427, 
    0.17769218981266022, 
    0.2644093334674835, 
    0.48654329776763916, 
    0.1144319474697113, 
    0.14220336079597473, 
    0.11163070797920227, 
    0.06488180160522461, 
    0.01342160627245903, 
    0.7274782061576843, 
    0.0761684700846672, 
    0.06422094255685806, 
    0.10232353955507278, 
    0.04235674813389778, 
    0.0047911955043673515, 
    0.546208381652832, 
    0.03295673802495003, 
    -0.05274178087711334, 
    0.05832650512456894, 
    0.09743396192789078, 
    0.11587570607662201, 
    -0.1411992460489273, 
    0.0002648664521984756, 
    0.02656492218375206, 
    0.21640153229236603, 
    0.23539455235004425, 
    -0.012283675372600555, 
    0.1279502660036087, 
    0.03609280288219452, 
    -0.10958699136972427, 
    0.0853668749332428, 
    -0.02549891546368599, 
    -0.2884990870952606, 
    -0.030182434245944023, 
    0.14951764047145844, 
    -0.22270065546035767, 
    -0.004044815432280302, 
    0.07757691293954849, 
    0.08546789735555649, 
    0.03262478858232498, 
    0.0613616444170475, 
    -0.37872546911239624, 
    -0.012853548862040043, 
    0.12492797523736954, 
    0.42088058590888977, 
    -0.01572572998702526, 
    -0.07718274742364883, 
    -0.005380505230277777, 
    0.03652510419487953, 
    0.10056917369365692, 
    0.05195855721831322, 
    -0.0020945477299392223, 
    0.0508674681186676, 
    -0.015911933034658432, 
    0.12760868668556213, 
    0.09363861382007599, 
    0.09409487992525101, 
    -0.20333942770957947, 
    0.0824093371629715, 
    -0.5264933109283447, 
    0.24586369097232819, 
    -0.18494383990764618, 
    0.05301470309495926, 
    -0.019742995500564575, 
    0.023611266165971756, 
    0.035607170313596725, 
    0.00016619893722236156, 
    0.07711221277713776, 
    0.43615227937698364, 
    -0.0035018129274249077, 
    -0.011610249057412148, 
    -0.03797197714447975, 
    -0.06869366019964218, 
    -0.05275843292474747, 
    -0.0024905959144234657, 
    0.0033310435246676207, 
    0.054403163492679596, 
    0.06693069636821747, 
    -0.015455270186066628, 
    -0.20927666127681732, 
    -0.008705385029315948, 
    0.11704825609922409, 
    0.07821870595216751, 
    0.009025263600051403, 
    -0.04252804070711136, 
    0.039159588515758514, 
    -0.40036970376968384, 
    -0.1518959254026413, 
    0.06753721833229065, 
    -0.1600196361541748, 
    0.08559412509202957, 
    0.11838367581367493, 
    0.07432880252599716, 
    0.00751130748540163, 
    -0.2756963074207306, 
    0.06406421959400177, 
    0.3811537027359009, 
    -0.04814186319708824, 
    0.07333239912986755, 
    -0.03249097988009453, 
    0.11938276886940002, 
    -0.29760104417800903, 
    0.0558912567794323, 
    0.13226576149463654, 
    -0.20464181900024414, 
    0.06241048127412796, 
    0.09348481148481369, 
    0.22432540357112885, 
    0.16866648197174072, 
    0.25909262895584106, 
    0.07763438671827316, 
    -0.10174717754125595, 
    -0.0163740124553442, 
    0.10508181899785995, 
    0.07470504194498062, 
    -0.15626581013202667, 
    -0.15206149220466614, 
    0.021933944895863533, 
    0.0038674341049045324, 
    0.14957663416862488, 
    0.09819799661636353, 
    0.06038730964064598, 
    -0.3412122428417206, 
    -0.2438007891178131, 
    0.10447251796722412, 
    0.015272808261215687, 
    -0.0076708667911589146, 
    0.10543879121541977, 
    0.11778011918067932, 
    0.10496162623167038, 
    0.11222371459007263, 
    -0.0029409965500235558, 
    -0.06765168905258179, 
    -0.21882818639278412, 
    0.0007593042682856321, 
    0.03325149044394493, 
    -0.07536841928958893, 
    0.011735199019312859, 
    0.07541950792074203, 
    0.04683161526918411, 
    0.08445984870195389, 
    -0.036993056535720825, 
    0.09617018699645996, 
    0.4824467897415161, 
    -0.06932143867015839, 
    0.06285040080547333, 
    -0.02120991051197052, 
    0.11765103042125702, 
    0.2158852368593216, 
    -0.272577702999115, 
    0.08360879123210907, 
    0.2447981834411621, 
    0.09905459731817245, 
    -0.1429622918367386, 
    0.07710618525743484, 
    0.07187364250421524, 
    -0.14962565898895264, 
    0.10637056827545166, 
    -0.17397643625736237, 
    -0.0007629583706147969, 
    -0.00437680259346962, 
    0.13560554385185242, 
    0.2702600657939911, 
    -0.19446058571338654, 
    -0.0013381235767155886, 
    0.12276463210582733, 
    0.3370799422264099, 
    0.0727185383439064, 
    -0.01693085767328739, 
    0.04257828742265701, 
    0.5675817728042603, 
    -0.08376163989305496, 
    0.10555718094110489, 
    0.05595720186829567, 
    0.16726849973201752, 
    0.1443028599023819, 
    -0.27486488223075867, 
    0.09587743878364563, 
    0.5419154763221741, 
    -0.02989182434976101, 
    0.1344805657863617, 
    0.06464558094739914, 
    0.09670770168304443, 
    0.11290132999420166, 
    -0.002158939838409424, 
    -0.23351196944713593, 
    0.5064780712127686, 
    -0.34871774911880493, 
    0.10593323409557343, 
    0.05017425864934921, 
    -0.12327628582715988, 
    0.026838699355721474, 
    0.10575656592845917, 
    0.0744527280330658, 
    0.391179621219635, 
    0.03120304085314274, 
    0.006155481096357107, 
    0.0011075758375227451, 
    0.04005661606788635, 
    0.10527744889259338, 
    0.006470224354416132, 
    0.06557819992303848, 
    -0.07366133481264114, 
    0.04509657993912697, 
    0.0628335177898407, 
    0.0035292627289891243, 
    0.0497770830988884, 
    0.08680165559053421, 
    -0.018926948308944702, 
    0.21716001629829407, 
    0.5304760336875916, 
    0.41650861501693726, 
    0.06762829422950745, 
    0.08344539999961853, 
    -0.1198783740401268, 
    0.0026867548003792763, 
    0.08186659961938858, 
    0.00449027307331562, 
    0.8028340339660645, 
    0.16160960495471954, 
    0.11310280114412308, 
    -0.11168890446424484, 
    0.06263061612844467, 
    -0.21158351004123688, 
    0.33570602536201477, 
    0.28548553586006165, 
    -0.019133636727929115, 
    0.11142906546592712, 
    0.10586198419332504, 
    -0.012891290709376335, 
    0.09990480542182922, 
    0.1054375171661377, 
    0.10113638639450073, 
    0.01447112113237381, 
    0.12968218326568604, 
    0.08769220113754272, 
    -0.20408964157104492, 
    -0.01605439931154251, 
    -0.291253000497818, 
    0.2136794626712799, 
    0.02094515971839428, 
    0.09121077507734299, 
    0.10053031146526337, 
    0.4437784254550934, 
    -0.0905960202217102, 
    -0.3834155797958374, 
    -0.1775071620941162, 
    -0.14105547964572906, 
    0.4448750913143158, 
    0.08079247176647186, 
    0.08214191347360611, 
    0.07405626773834229, 
    0.22356928884983063, 
    -0.08608783036470413, 
    0.21097828447818756, 
    0.10445291548967361, 
    -0.007002023980021477, 
    0.3908587396144867, 
    -0.07214678078889847, 
    -0.23819898068904877, 
    -0.014886833727359772, 
    0.09662780165672302, 
    0.2962930202484131, 
    0.16160090267658234, 
    0.2759425640106201, 
    0.006074411794543266, 
    0.10084003210067749, 
    0.061407990753650665, 
    -0.0019659525714814663, 
    0.8265900015830994, 
    0.07409802079200745, 
    0.10935021191835403, 
    0.10922244936227798, 
    -0.032615888863801956, 
    0.04723486304283142, 
    -0.15166859328746796, 
    0.0971536636352539, 
    0.0954669788479805, 
    0.0991092249751091, 
    0.0868663638830185, 
    0.07823788374662399, 
    0.08313966542482376, 
    0.08125720173120499, 
    0.0691097155213356, 
    0.10619392991065979, 
    0.002166602062061429, 
    0.08800303190946579, 
    -0.22305700182914734, 
    0.04918219894170761, 
    0.01603752374649048, 
    0.35845160484313965, 
    0.018490929156541824, 
    0.12638136744499207, 
    0.04338792711496353, 
    -0.33481115102767944, 
    -0.0059527065604925156, 
    0.002238038694486022, 
    0.00379843357950449, 
    0.10001610964536667, 
    0.10347611457109451, 
    0.06541423499584198, 
    0.04714305326342583, 
    0.09320361167192459, 
    0.12069143354892731, 
    0.09347017854452133, 
    0.004372741561383009, 
    0.4342705011367798, 
    0.006716011092066765, 
    0.08461681753396988, 
    -0.13174517452716827, 
    0.07138083130121231, 
    0.044256843626499176, 
    0.004757474176585674, 
    0.31756049394607544, 
    0.670734167098999, 
    0.02065875381231308, 
    -0.27822038531303406, 
    0.10559946298599243, 
    0.09485514461994171, 
    0.0698137879371643, 
    0.5225284099578857, 
    -0.008646550588309765, 
    0.06292085349559784, 
    0.060047078877687454, 
    0.1302214413881302, 
    0.33670368790626526, 
    -0.04602523148059845, 
    -0.05152548849582672, 
    0.11331846565008163, 
    0.1338837444782257, 
    0.1529233604669571, 
    0.08806779980659485, 
    0.046068593859672546, 
    0.08799003064632416, 
    0.06682224571704865, 
    0.40482792258262634, 
    -0.1475670039653778, 
    -0.14846527576446533, 
    0.10327091068029404, 
    0.08659733086824417, 
    0.1147601455450058, 
    0.11180848628282547, 
    0.12675806879997253, 
    -0.0037845727056264877, 
    0.19919709861278534, 
    0.0844341441988945, 
    0.09756185114383698
]