[
    -0.4092918634414673, 
    -0.5228303074836731, 
    -0.34609439969062805, 
    -0.4472236931324005, 
    -0.582449734210968, 
    -0.35789358615875244, 
    -0.4687873125076294, 
    -0.41053637862205505, 
    -0.38151678442955017, 
    -0.452490895986557, 
    -0.3832944631576538, 
    -0.503608763217926, 
    -0.4575796127319336, 
    -0.5204966068267822, 
    -0.3098425269126892, 
    -0.3594678044319153, 
    -0.4930959939956665, 
    -0.37473225593566895, 
    -0.36059483885765076, 
    -0.3591456413269043, 
    -0.341707319021225, 
    -0.5560221076011658, 
    -0.43725278973579407, 
    -0.4846232831478119, 
    -0.452932208776474, 
    -0.3419164717197418, 
    -0.46200862526893616, 
    -0.5793893337249756, 
    -0.42288559675216675, 
    -0.39225172996520996, 
    -0.2722516655921936, 
    -0.30788454413414, 
    -0.3339276909828186, 
    -0.5150193572044373, 
    -0.3560261130332947, 
    -0.4043518006801605, 
    -0.5266193151473999, 
    -0.4135506749153137, 
    -0.35405856370925903, 
    -0.31769490242004395, 
    -0.3814001977443695, 
    -0.355228453874588, 
    -0.36108914017677307, 
    -0.5288341045379639, 
    -0.40821751952171326, 
    -0.5830519199371338, 
    -0.287378191947937, 
    -0.5272166728973389, 
    -0.3581785261631012, 
    -0.426101952791214, 
    -0.42567017674446106, 
    -0.34462985396385193, 
    -0.5856865048408508, 
    -0.4363718032836914, 
    -0.5440352559089661, 
    -0.4671940803527832, 
    -0.4503808617591858, 
    -0.19764943420886993, 
    -0.4512380063533783, 
    -0.5397788286209106, 
    -0.39674466848373413, 
    -0.4992986023426056, 
    -0.5374712944030762, 
    -0.39060723781585693, 
    -0.5738574862480164, 
    -0.36092886328697205, 
    -0.3969087302684784, 
    -0.5996738076210022, 
    -0.4905455410480499, 
    -0.4434301555156708, 
    -0.39564767479896545, 
    -0.43685394525527954, 
    -0.46259528398513794, 
    -0.49827471375465393, 
    -0.4165534973144531, 
    -0.43263521790504456, 
    -0.4415971338748932, 
    -0.3827739357948303, 
    -0.45167580246925354, 
    -0.47034963965415955, 
    -0.511958658695221, 
    -0.45664915442466736, 
    -0.37292733788490295, 
    -0.3798522353172302, 
    -0.37912365794181824, 
    -0.3212190568447113, 
    -0.46732521057128906, 
    -0.5107014179229736, 
    -0.3290238678455353, 
    -0.5201976299285889, 
    -0.5053611397743225, 
    -0.4221758246421814, 
    -0.44079890847206116, 
    -0.39243242144584656, 
    -0.5818306803703308, 
    -0.39783209562301636, 
    -0.33844688534736633, 
    -0.4286043643951416, 
    -0.47390246391296387, 
    -0.42508795857429504, 
    -0.4507223069667816, 
    -0.4847829043865204, 
    -0.46460622549057007, 
    -0.5191872715950012, 
    -0.506170392036438, 
    -0.4620956480503082, 
    -0.4102226793766022, 
    -0.3105294704437256, 
    -0.46181753277778625, 
    -0.4461439549922943, 
    -0.4940902590751648, 
    -0.23214147984981537, 
    -0.337835431098938, 
    -0.40295886993408203, 
    -0.4434724450111389, 
    -0.4570564925670624, 
    -0.5128727555274963, 
    -0.4324498176574707, 
    -0.5937187075614929, 
    -0.3581824004650116, 
    -0.5058704018592834, 
    -0.5699204802513123, 
    -0.4430886507034302, 
    -0.4902825355529785, 
    -0.446816623210907, 
    -0.5751146078109741, 
    -0.2302176058292389, 
    -0.3871304988861084, 
    -0.4913989305496216, 
    -0.5034063458442688, 
    -0.3787215054035187, 
    -0.38706961274147034, 
    -0.4169394075870514, 
    -0.41805046796798706, 
    -0.5572951436042786, 
    -0.4483654201030731, 
    -0.4339107573032379, 
    -0.31673598289489746, 
    -0.4184369146823883, 
    -0.4666707515716553, 
    -0.3828624486923218, 
    -0.4677563011646271, 
    -0.44651058316230774, 
    -0.4495764374732971, 
    -0.4184965491294861, 
    -0.4675658047199249, 
    -0.4034424424171448, 
    -0.3361054062843323, 
    -0.42893317341804504, 
    -0.378727525472641, 
    -0.31469693779945374, 
    -0.46507295966148376, 
    -0.43790310621261597, 
    -0.2764911353588104, 
    -0.4088035225868225, 
    -0.5043802857398987, 
    -0.4285358488559723, 
    -0.4737264811992645, 
    -0.4964662790298462, 
    -0.43802160024642944, 
    -0.4944567084312439, 
    -0.4771507978439331, 
    -0.4478924870491028, 
    -0.44478049874305725, 
    -0.4078974723815918, 
    -0.4666755497455597, 
    -0.4779895842075348, 
    -0.5595276355743408, 
    -0.48580026626586914, 
    -0.46284791827201843, 
    -0.32356753945350647, 
    -0.30867499113082886, 
    -0.6041107773780823, 
    -0.3666521906852722, 
    -0.43779119849205017, 
    -0.6086204051971436, 
    -0.3874508738517761, 
    -0.35814592242240906, 
    -0.25092196464538574, 
    -0.34108811616897583, 
    -0.45549044013023376, 
    -0.33506205677986145, 
    -0.48706454038619995, 
    -0.36029568314552307, 
    -0.6409028768539429, 
    -0.41653814911842346, 
    -0.44324398040771484, 
    -0.511342465877533, 
    -0.4119866192340851, 
    -0.5278921723365784, 
    -0.3328831195831299, 
    -0.4202730655670166, 
    -0.4163874387741089, 
    -0.4463956654071808, 
    -0.4412217438220978, 
    -0.2016717493534088, 
    -0.48374295234680176, 
    -0.46136370301246643, 
    -0.3887441158294678, 
    -0.4534412622451782, 
    -0.396862268447876, 
    -0.27181121706962585, 
    -0.39614278078079224, 
    -0.38842615485191345, 
    -0.5032796859741211, 
    -0.5290650725364685, 
    -0.449649453163147, 
    -0.6314619183540344, 
    -0.44970327615737915, 
    -0.46643075346946716, 
    -0.2791874408721924, 
    -0.3808530271053314, 
    -0.5344785451889038, 
    -0.4041919410228729, 
    -0.3500657379627228, 
    -0.3647727072238922, 
    -0.5680856108665466, 
    -0.31557977199554443, 
    -0.32710784673690796, 
    -0.41243261098861694, 
    -0.266135036945343, 
    -0.42687103152275085, 
    -0.4454026520252228, 
    -0.5171380639076233, 
    -0.4799514710903168, 
    -0.42494621872901917, 
    -0.4850875735282898, 
    -0.3555476665496826, 
    -0.3902517557144165, 
    -0.597861647605896, 
    -0.40779465436935425, 
    -0.5475651025772095, 
    -0.5497326850891113, 
    -0.4330980181694031, 
    -0.45937976241111755, 
    -0.4883415997028351, 
    -0.6251059174537659, 
    -0.39533454179763794, 
    -0.42893049120903015, 
    -0.47984087467193604, 
    -0.40225356817245483, 
    -0.4422966539859772, 
    -0.3272559344768524, 
    -0.43082037568092346, 
    -0.3683426082134247, 
    -0.498664915561676, 
    -0.4497654139995575, 
    -0.5027361512184143, 
    -0.5520788431167603, 
    -0.24462325870990753, 
    -0.4697330594062805, 
    -0.48301514983177185, 
    -0.3387218713760376, 
    -0.6110614538192749, 
    -0.6531625986099243, 
    -0.44952940940856934, 
    -0.48989906907081604, 
    -0.48711422085762024, 
    -0.41075074672698975, 
    -0.5001004934310913, 
    -0.5237825512886047, 
    -0.41316550970077515, 
    -0.43481186032295227, 
    -0.531772792339325, 
    -0.4188103675842285, 
    -0.5695562362670898, 
    -0.45192819833755493, 
    -0.3588038384914398, 
    -0.4414181113243103, 
    -0.5027994513511658, 
    -0.38794761896133423, 
    -0.46065080165863037, 
    -0.2534867227077484, 
    -0.41036197543144226, 
    -0.46799740195274353, 
    -0.3907785713672638, 
    -0.29077863693237305, 
    -0.40063565969467163, 
    -0.3911535143852234, 
    -0.42712005972862244, 
    -0.5712156891822815, 
    -0.3279728591442108, 
    -0.33575668931007385, 
    -0.5125338435173035, 
    -0.4608989953994751, 
    -0.46657103300094604, 
    -0.385883092880249, 
    -0.4637014865875244, 
    -0.35168716311454773, 
    -0.40032485127449036, 
    -0.48162585496902466, 
    -0.4696691632270813, 
    -0.4856140911579132, 
    -0.3187052309513092, 
    -0.4437500238418579, 
    -0.48813894391059875, 
    -0.47135740518569946, 
    -0.3210252821445465, 
    -0.47916379570961, 
    -0.3193769156932831, 
    -0.25738006830215454, 
    -0.3897850811481476, 
    -0.5309612154960632, 
    -0.4374542832374573, 
    -0.2624371647834778, 
    -0.40583449602127075, 
    -0.44952917098999023, 
    -0.30826687812805176, 
    -0.4801810681819916, 
    -0.4116463363170624, 
    -0.4239024817943573, 
    -0.48485255241394043, 
    -0.3532119393348694, 
    -0.36693641543388367, 
    -0.359662801027298, 
    -0.5566750168800354, 
    -0.3278625011444092, 
    -0.6304609775543213, 
    -0.731482207775116, 
    -0.3234841823577881, 
    -0.3689761757850647, 
    -0.24661581218242645, 
    -0.5305174589157104, 
    -0.5029801726341248, 
    -0.32601791620254517, 
    -0.5172591805458069, 
    -0.3533591330051422, 
    -0.508563756942749, 
    -0.3700558841228485, 
    -0.46171265840530396, 
    -0.3797871172428131, 
    -0.47123983502388, 
    -0.44412440061569214, 
    -0.32786327600479126, 
    -0.551388680934906, 
    -0.44388002157211304, 
    -0.4595593810081482, 
    -0.4711117446422577, 
    -0.43154776096343994, 
    -0.46558791399002075, 
    -0.31340041756629944, 
    -0.43062546849250793, 
    -0.2680387794971466, 
    -0.17113229632377625, 
    -0.527238667011261, 
    -0.5399706959724426, 
    -0.5383843779563904, 
    -0.33373695611953735, 
    -0.46759873628616333, 
    -0.3894023597240448, 
    -0.5075204372406006, 
    -0.37147149443626404, 
    -0.338918000459671, 
    -0.5196143984794617, 
    -0.45314422249794006, 
    -0.4339165985584259, 
    -0.5662855505943298, 
    -0.5082833170890808, 
    -0.5164389610290527, 
    -0.40943434834480286, 
    -0.3859914541244507, 
    -0.5635683536529541, 
    -0.4114740490913391, 
    -0.599176824092865, 
    -0.45300817489624023, 
    -0.4677661955356598, 
    -0.41796940565109253, 
    -0.46931880712509155, 
    -0.32450416684150696, 
    -0.4288474917411804, 
    -0.5048024654388428, 
    -0.4543435275554657, 
    -0.47882089018821716, 
    -0.6464653015136719, 
    -0.8152556419372559, 
    -0.5338616371154785, 
    -0.43727654218673706, 
    -0.43995174765586853, 
    -0.4311894476413727, 
    -0.30269530415534973, 
    -0.3020852208137512, 
    -0.24422578513622284, 
    -0.31643012166023254, 
    -0.31323230266571045, 
    -0.4785173237323761, 
    -0.5511016249656677, 
    -0.4598008394241333, 
    -0.5749898552894592, 
    -0.47467684745788574, 
    -0.4996231198310852, 
    -0.5377234220504761, 
    -0.37569528818130493, 
    -0.5981253385543823, 
    -0.4292553663253784, 
    -0.4098973274230957, 
    -0.6313432455062866, 
    -0.3561075031757355, 
    -0.5360226631164551, 
    -0.5274791121482849, 
    -0.4741321802139282, 
    -0.4614092707633972, 
    -0.5288469195365906, 
    -0.3041202127933502, 
    -0.5055573582649231, 
    -0.5304460525512695, 
    -0.5080405473709106, 
    -0.47725531458854675, 
    -0.4417514204978943, 
    -0.5735045671463013, 
    -0.47967758774757385, 
    -0.3915303945541382, 
    -0.38377976417541504, 
    -0.5010420680046082, 
    -0.3897586762905121, 
    -0.5976770520210266, 
    -0.3454092741012573, 
    -0.4313066899776459, 
    -0.37564486265182495, 
    -0.3689396381378174, 
    -0.5844706296920776, 
    -0.3193866014480591, 
    -0.458095908164978, 
    -0.5479645133018494, 
    -0.4811168611049652, 
    -0.4948410093784332, 
    -0.6342967748641968, 
    -0.28411781787872314, 
    -0.3271068334579468, 
    -0.5192304253578186, 
    -0.5356597304344177, 
    -0.4374416470527649, 
    -0.5281447172164917, 
    -0.7001596093177795, 
    -0.5486813187599182, 
    -0.45854419469833374, 
    -0.4089699387550354, 
    -0.42117923498153687, 
    -0.3860343098640442, 
    -0.47704827785491943, 
    -0.6128453612327576, 
    -0.3214932084083557, 
    -0.465516060590744, 
    -0.6379438042640686, 
    -0.5098310708999634, 
    -0.2283235490322113, 
    -0.4209936857223511, 
    -0.6963868737220764, 
    -0.33558526635169983, 
    -0.373025119304657, 
    -0.4321710765361786, 
    -0.5447635650634766, 
    -0.4414931833744049, 
    -0.5448670387268066, 
    -0.40092164278030396, 
    -0.5161293745040894, 
    -0.42522820830345154, 
    -0.45521214604377747, 
    -0.3879275619983673, 
    -0.36535683274269104, 
    -0.5541074872016907, 
    -0.5033950209617615, 
    -0.4037054777145386, 
    -0.4108718931674957, 
    -0.41762256622314453, 
    -0.5249489545822144, 
    -0.45856744050979614, 
    -0.5186486840248108, 
    -0.3855626583099365, 
    -0.28907763957977295, 
    -0.3933560252189636, 
    -0.49130040407180786, 
    -0.4854148328304291, 
    -0.45041730999946594, 
    -0.38138771057128906, 
    -0.4882918894290924, 
    -0.3559325933456421, 
    -0.37737688422203064, 
    -0.5437127351760864, 
    -0.39091211557388306, 
    -0.28101781010627747, 
    -0.5065511465072632, 
    -0.5026258230209351, 
    -0.4155401587486267, 
    -0.4897722005844116, 
    -0.4801093339920044, 
    -0.2630946636199951, 
    -0.48112577199935913, 
    -0.4948428273200989, 
    -0.380999356508255, 
    -0.26232415437698364, 
    -0.5844519734382629, 
    -0.4955500662326813, 
    -0.5501956939697266, 
    -0.3955358862876892, 
    -0.4854147732257843, 
    -0.2362634837627411, 
    -0.36764708161354065, 
    -0.5503157377243042, 
    -0.44646549224853516, 
    -0.5142194032669067, 
    -0.26534149050712585, 
    -0.44548675417900085, 
    -0.37884244322776794, 
    -0.2594938576221466, 
    -0.5720851421356201, 
    -0.27323776483535767, 
    -0.3313141465187073, 
    -0.7224729061126709, 
    -0.3396422266960144, 
    -0.4854971766471863, 
    -0.4039749205112457, 
    -0.6003869771957397, 
    -0.3901495933532715, 
    -0.4910719096660614, 
    -0.5298538208007812, 
    -0.529155969619751, 
    -0.4878019690513611, 
    -0.5064533352851868, 
    -0.30271321535110474, 
    -0.36558079719543457, 
    -0.3623299300670624, 
    -0.4654181897640228, 
    -0.4325597286224365, 
    -0.418707937002182, 
    -0.36965668201446533, 
    -0.5073351860046387, 
    -0.6403932571411133, 
    -0.5249675512313843, 
    -0.3177293837070465, 
    -0.3873072564601898, 
    -0.3803642988204956, 
    -0.3061985671520233, 
    -0.39835453033447266, 
    -0.4468670189380646, 
    -0.24121560156345367, 
    -0.4513257145881653, 
    -0.4882505238056183, 
    -0.4669591188430786, 
    -0.289236456155777, 
    -0.6209246516227722, 
    -0.33914095163345337, 
    -0.44179028272628784, 
    -0.3337958753108978, 
    -0.38899168372154236, 
    -0.5586234331130981, 
    -0.4321538507938385, 
    -0.41545647382736206, 
    -0.46168699860572815, 
    -0.38965481519699097, 
    -0.395895391702652, 
    -0.5277022123336792, 
    -0.35097622871398926, 
    -0.5584605932235718, 
    -0.4580746293067932, 
    -0.3961944878101349, 
    -0.5669416785240173, 
    -0.4413721263408661, 
    -0.3430507183074951, 
    -0.5278100967407227, 
    -0.5073262453079224, 
    -0.6634843349456787, 
    -0.30095434188842773, 
    -0.48757052421569824, 
    -0.679734468460083, 
    -0.47929269075393677, 
    -0.34722474217414856, 
    -0.33713945746421814, 
    -0.4139538109302521, 
    -0.7573004364967346, 
    -0.38514840602874756, 
    -0.4540305435657501, 
    -0.5370160937309265, 
    -0.3685693144798279, 
    -0.5021886229515076, 
    -0.46265608072280884, 
    -0.4859108030796051, 
    -0.40759795904159546, 
    -0.585812509059906, 
    -0.40021440386772156, 
    -0.37130042910575867, 
    -0.3542199730873108, 
    -0.365494966506958, 
    -0.3759291172027588, 
    -0.3484364151954651, 
    -0.557689905166626, 
    -0.38509583473205566, 
    -0.3527829051017761, 
    -0.32234859466552734, 
    -0.3532678484916687, 
    -0.36800509691238403, 
    -0.3899959325790405, 
    -0.32523441314697266, 
    -0.4484115540981293, 
    -0.5408794283866882, 
    -0.4914507567882538, 
    -0.5674758553504944, 
    -0.6392431855201721, 
    -0.45591071248054504, 
    -0.44378066062927246, 
    -0.45293110609054565, 
    -0.4389985501766205, 
    -0.5233588814735413, 
    -0.5765969753265381, 
    -0.46088868379592896, 
    -0.5091313123703003, 
    -0.43416327238082886, 
    -0.5584369897842407, 
    -0.11673758924007416, 
    -0.4103187322616577, 
    -0.4485124945640564, 
    -0.4642064571380615, 
    -0.4527077376842499, 
    -0.3278474807739258, 
    -0.44267454743385315, 
    -0.3159242868423462, 
    -0.568758487701416, 
    -0.2794404923915863, 
    -0.493961364030838, 
    -0.45444801449775696, 
    -0.47175416350364685, 
    -0.5242032408714294, 
    -0.3603302836418152, 
    -0.5349808931350708, 
    -0.4878997206687927, 
    -0.42303016781806946, 
    -0.549584150314331, 
    -0.4344223737716675, 
    -0.5332446098327637, 
    -0.7124232053756714, 
    -0.5987802147865295, 
    -0.5484419465065002, 
    -0.44656476378440857, 
    -0.45438650250434875, 
    -0.44336551427841187, 
    -0.5464093685150146, 
    -0.33314594626426697, 
    -0.6331371665000916, 
    -0.45884451270103455, 
    -0.4632441997528076, 
    -0.41484636068344116, 
    -0.30413582921028137, 
    -0.4454267621040344, 
    -0.5261767506599426, 
    -0.3185212314128876, 
    -0.45720815658569336, 
    -0.3394398093223572, 
    -0.2872942090034485, 
    -0.5760378241539001, 
    -0.37732988595962524, 
    -0.4833224415779114, 
    -0.5234211087226868, 
    -0.33871883153915405, 
    -0.46348512172698975, 
    -0.45038360357284546, 
    -0.46723225712776184, 
    -0.6135944128036499, 
    -0.1994331330060959, 
    -0.3133569061756134, 
    -0.4507598578929901, 
    -0.5222116708755493, 
    -0.4711604118347168, 
    -0.47675609588623047, 
    -0.48744291067123413, 
    -0.5105185508728027, 
    -0.5127339363098145, 
    -0.3854219317436218, 
    -0.36285901069641113, 
    -0.512658953666687, 
    -0.48208343982696533, 
    -0.41653454303741455, 
    -0.40045472979545593, 
    -0.39682409167289734, 
    -0.3872377872467041, 
    -0.6119503974914551, 
    -0.42761459946632385, 
    -0.3974277079105377, 
    -0.38327282667160034, 
    -0.3808787167072296, 
    -0.4571455121040344, 
    -0.5168536901473999, 
    -0.47279250621795654, 
    -0.4136127233505249, 
    -0.42325547337532043, 
    -0.42902740836143494, 
    -0.3737776577472687, 
    -0.39944127202033997, 
    -0.26493039727211, 
    -0.3291228413581848, 
    -0.3958888351917267, 
    -0.48627957701683044, 
    -0.40512847900390625, 
    -0.4223976731300354, 
    -0.22799132764339447, 
    -0.2981064021587372, 
    -0.5040942430496216, 
    -0.16835124790668488, 
    -0.23852984607219696, 
    -0.39632096886634827, 
    -0.4439888298511505, 
    -0.26476332545280457, 
    -0.3457099497318268, 
    -0.4461477994918823, 
    -0.4434199035167694, 
    -0.49507349729537964, 
    -0.5287103652954102, 
    -0.49040502309799194, 
    -0.2428961992263794, 
    -0.41964638233184814, 
    -0.5672099590301514, 
    -0.5333147644996643, 
    -0.46701276302337646, 
    -0.4379497468471527, 
    -0.283744752407074, 
    -0.2974730134010315, 
    -0.44782236218452454, 
    -0.36098477244377136, 
    -0.5579268932342529, 
    -0.34423038363456726, 
    -0.4379562437534332, 
    -0.5016175508499146, 
    -0.47720152139663696, 
    -0.5382875204086304, 
    -0.5477765202522278, 
    -0.7917935252189636, 
    -0.4393748641014099, 
    -0.4615875780582428, 
    -0.4386400878429413, 
    -0.31804874539375305, 
    -0.3496721684932709, 
    -0.514925479888916, 
    -0.4443151354789734, 
    -0.6808606386184692, 
    -0.5031525492668152, 
    -0.5272827744483948, 
    -0.459500253200531, 
    -0.5138105154037476, 
    -0.368619829416275, 
    -0.44075527787208557, 
    -0.531224250793457, 
    -0.23085302114486694, 
    -0.27152320742607117, 
    -0.5289292335510254, 
    -0.5085307955741882, 
    -0.43809667229652405, 
    -0.4608772099018097, 
    -0.4838879108428955, 
    -0.4582236707210541, 
    -0.4463341236114502, 
    -0.45507729053497314, 
    -0.5332046747207642, 
    -0.3210774064064026, 
    -0.37855902314186096, 
    -0.48362216353416443, 
    -0.4901762902736664, 
    -0.48143237829208374, 
    -0.40789124369621277, 
    -0.2812694311141968, 
    -0.39110079407691956, 
    -0.36883577704429626, 
    -0.39855170249938965, 
    -0.4742051362991333, 
    -0.43184128403663635, 
    -0.5187714099884033, 
    -0.4512353241443634, 
    -0.44260263442993164, 
    -0.4932923913002014, 
    -0.37861695885658264, 
    -0.42976370453834534, 
    -0.4463648796081543, 
    -0.5342594385147095, 
    -0.19518345594406128, 
    -0.4366443455219269, 
    -0.6117967367172241, 
    -0.4021025002002716, 
    -0.4698774218559265, 
    -0.42594292759895325, 
    -0.37925904989242554, 
    -0.4935663342475891, 
    -0.4573163688182831, 
    -0.4761585593223572, 
    -0.5616452097892761, 
    -0.3993234932422638, 
    -0.5068075656890869, 
    -0.5855454802513123, 
    -0.5419943928718567, 
    -0.49186304211616516, 
    -0.41391485929489136, 
    -0.3864535093307495, 
    -0.3062773644924164, 
    -0.5130447745323181, 
    -0.47844499349594116, 
    -0.5568295121192932, 
    -0.5313122272491455, 
    -0.3689689338207245, 
    -0.42879071831703186, 
    -0.3625893294811249, 
    -0.5372117757797241, 
    -0.5082412958145142, 
    -0.5130397081375122, 
    -0.5918290615081787, 
    -0.47376546263694763, 
    -0.498210608959198, 
    -0.46821996569633484, 
    -0.5263727903366089, 
    -0.3852024972438812, 
    -0.470735639333725, 
    -0.3133394718170166, 
    -0.4796834886074066, 
    -0.355582058429718, 
    -0.4213411509990692, 
    -0.35154417157173157, 
    -0.7090551853179932, 
    -0.5307806134223938, 
    -0.47786954045295715, 
    -0.5538262724876404, 
    -0.5952202677726746, 
    -0.36960846185684204, 
    -0.4904674291610718, 
    -0.4793018698692322, 
    -0.4656234383583069, 
    -0.42903727293014526, 
    -0.5196892619132996, 
    -0.3000617027282715, 
    -0.3634888231754303, 
    -0.4308222830295563, 
    -0.4894752502441406, 
    -0.3355526030063629, 
    -0.4111194312572479, 
    -0.49594491720199585, 
    -0.3929402530193329, 
    -0.4900192618370056, 
    -0.36545026302337646, 
    -0.6663852334022522, 
    -0.4260815978050232, 
    -0.4061325192451477, 
    -0.4698905646800995, 
    -0.41305455565452576, 
    -0.4232616126537323, 
    -0.5357954502105713, 
    -0.4488314688205719, 
    -0.6198564171791077, 
    -0.3711434006690979, 
    -0.3716338872909546, 
    -0.36541086435317993, 
    -0.29263219237327576, 
    -0.35756292939186096, 
    -0.24025028944015503, 
    -0.42796817421913147, 
    -0.5704078078269958, 
    -0.44723087549209595, 
    -0.49129489064216614, 
    -0.4944438338279724, 
    -0.5839168429374695, 
    -0.4239370822906494, 
    -0.4774196147918701, 
    -0.3566378951072693, 
    -0.33691442012786865, 
    -0.3624422252178192, 
    -0.35048505663871765, 
    -0.5130876898765564, 
    -0.5202474594116211, 
    -0.33885887265205383, 
    -0.3901406228542328, 
    -0.43007969856262207, 
    -0.38261154294013977, 
    -0.28260380029678345, 
    -0.4411134421825409, 
    -0.28005504608154297, 
    -0.3998672664165497, 
    -0.5793631672859192, 
    -0.5605431795120239, 
    -0.48413214087486267, 
    -0.4444737136363983, 
    -0.47149503231048584, 
    -0.5119977593421936, 
    -0.4524673819541931, 
    -0.45634886622428894, 
    -0.3021583557128906, 
    -0.24845734238624573, 
    -0.3629814088344574, 
    -0.5357535481452942, 
    -0.3888995945453644, 
    -0.5611589550971985, 
    -0.5682525038719177, 
    -0.4948005676269531, 
    -0.33875584602355957, 
    -0.3841635286808014, 
    -0.42518046498298645, 
    -0.34640994668006897, 
    -0.4982198476791382, 
    -0.335244357585907, 
    -0.3933946490287781, 
    -0.5071256756782532, 
    -0.41549867391586304, 
    -0.6013138294219971, 
    -0.5429355502128601, 
    -0.3332720100879669, 
    -0.411790668964386, 
    -0.6169246435165405, 
    -0.46338778734207153, 
    -0.5637142062187195, 
    -0.6266101002693176, 
    -0.3326324224472046, 
    -0.531658947467804, 
    -0.4371354281902313, 
    -0.4460015892982483, 
    -0.5163009762763977, 
    -0.4618816375732422, 
    -0.6356129050254822, 
    -0.5225865244865417, 
    -0.5445404648780823, 
    -0.4682180881500244, 
    -0.441832572221756, 
    -0.6500287055969238, 
    -0.40649428963661194, 
    -0.47958672046661377, 
    -0.3364517092704773, 
    -0.3728724718093872, 
    -0.527350127696991, 
    -0.33102530241012573, 
    -0.3155316412448883, 
    -0.4459823668003082, 
    -0.30988696217536926, 
    -0.5378638505935669, 
    -0.47954627871513367, 
    -0.5538665056228638, 
    -0.33266666531562805, 
    -0.4145016670227051, 
    -0.33902105689048767, 
    -0.49050310254096985, 
    -0.34829413890838623, 
    -0.5578871369361877, 
    -0.33744144439697266, 
    -0.4945707619190216, 
    -0.4459049701690674, 
    -0.5565651059150696, 
    -0.4489005506038666, 
    -0.49939119815826416, 
    -0.44883906841278076, 
    -0.462333083152771, 
    -0.3499245047569275, 
    -0.5619537234306335, 
    -0.47085773944854736, 
    -0.47272989153862, 
    -0.3639567196369171, 
    -0.4421050250530243, 
    -0.37773647904396057, 
    -0.3529549539089203, 
    -0.5143271684646606, 
    -0.4784908592700958, 
    -0.22459876537322998, 
    -0.49155890941619873, 
    -0.35243090987205505, 
    -0.437564879655838, 
    -0.4583982229232788, 
    -0.3053032159805298, 
    -0.3503131568431854, 
    -0.4388173520565033, 
    -0.5224342346191406, 
    -0.401991069316864, 
    -0.4517456293106079, 
    -0.5211264491081238, 
    -0.5133857727050781, 
    -0.5451818704605103, 
    -0.4612443447113037, 
    -0.5726115107536316, 
    -0.48081088066101074, 
    -0.4857655465602875, 
    -0.33957087993621826, 
    -0.3691979944705963, 
    -0.33201685547828674, 
    -0.3310740888118744, 
    -0.48914724588394165, 
    -0.5937070846557617, 
    -0.5207676291465759, 
    -0.5683853030204773, 
    -0.472279816865921, 
    -0.43327730894088745, 
    -0.4309314787387848, 
    -0.4792543649673462, 
    -0.5063589811325073, 
    -0.45853811502456665, 
    -0.4334801733493805, 
    -0.5132274627685547, 
    -0.55640709400177, 
    -0.5986291170120239, 
    -0.5429710745811462, 
    -0.4285735785961151, 
    -0.37789252400398254, 
    -0.36493465304374695, 
    -0.44054335355758667, 
    -0.3666432797908783, 
    -0.37770959734916687, 
    -0.4354492425918579, 
    -0.4398082494735718, 
    -0.3908368945121765, 
    -0.42480701208114624, 
    -0.4469377398490906, 
    -0.4555875360965729, 
    -0.46029654145240784, 
    -0.49640917778015137, 
    -0.4852144122123718, 
    -0.39159101247787476, 
    -0.3219510614871979, 
    -0.6079195737838745, 
    -0.6132435202598572, 
    -0.5842707753181458, 
    -0.38910797238349915, 
    -0.4679141044616699, 
    -0.5140922665596008, 
    -0.3833209276199341, 
    -0.47531479597091675, 
    -0.5532454252243042, 
    -0.5195087194442749, 
    -0.5097788572311401, 
    -0.42184820771217346, 
    -0.3793731927871704, 
    -0.5547065138816833, 
    -0.5372044444084167, 
    -0.43289515376091003, 
    -0.3237621784210205, 
    -0.49158820509910583, 
    -0.31593814492225647, 
    -0.49636438488960266
]