[
    0.3155314028263092, 
    0.49882185459136963, 
    0.3143346309661865, 
    0.3184433579444885, 
    0.42983534932136536, 
    0.3141910135746002, 
    0.25841382145881653, 
    0.4500213861465454, 
    0.2794167399406433, 
    0.39540207386016846, 
    0.34281015396118164, 
    0.33860647678375244, 
    0.30946508049964905, 
    0.42513906955718994, 
    0.32249340415000916, 
    0.38034382462501526, 
    0.31151288747787476, 
    0.5010398626327515, 
    0.3184809386730194, 
    0.237463116645813, 
    0.33695220947265625, 
    0.3174981474876404, 
    0.24661241471767426, 
    0.3159599304199219, 
    0.2517749071121216, 
    0.3314352333545685, 
    0.6071649789810181, 
    0.2856326401233673, 
    0.23554369807243347, 
    0.31843656301498413, 
    0.4593054950237274, 
    0.27950236201286316, 
    0.34688231348991394, 
    0.330489844083786, 
    0.24177902936935425, 
    0.3652105927467346, 
    0.3622984290122986, 
    0.29976895451545715, 
    0.33361563086509705, 
    0.5014564394950867, 
    0.35655516386032104, 
    0.3701413571834564, 
    0.4771168828010559, 
    0.3100722134113312, 
    0.20927326381206512, 
    0.37004590034484863, 
    0.2750709652900696, 
    0.27709221839904785, 
    0.28601011633872986, 
    0.27976706624031067, 
    0.22282041609287262, 
    0.24089382588863373, 
    0.3104756772518158, 
    0.3486041724681854, 
    0.26138007640838623, 
    0.26329630613327026, 
    0.2912895977497101, 
    0.3537771701812744, 
    0.3504732847213745, 
    0.42497625946998596, 
    0.2936483323574066, 
    0.3354278802871704, 
    0.2966918647289276, 
    0.24347350001335144, 
    0.2521662712097168, 
    0.3086998462677002, 
    0.41014373302459717, 
    0.35384029150009155, 
    0.30590739846229553, 
    0.362164705991745, 
    0.27415674924850464, 
    0.2703337073326111, 
    0.23516546189785004, 
    0.4267962574958801, 
    0.3098542094230652, 
    0.3195406496524811, 
    0.24788734316825867, 
    0.416888952255249, 
    0.47792768478393555, 
    0.26923227310180664, 
    0.22533434629440308, 
    0.2686346173286438, 
    0.22444283962249756, 
    0.23179367184638977, 
    0.2422209531068802, 
    0.2705175578594208, 
    0.2970738708972931, 
    0.32267966866493225, 
    0.22614410519599915, 
    0.364898681640625, 
    0.26884546875953674, 
    0.33402684330940247, 
    0.26574787497520447, 
    0.24149613082408905, 
    0.2337871491909027, 
    0.439573734998703, 
    0.28289857506752014, 
    0.25770917534828186, 
    0.2197175770998001, 
    0.4656972587108612, 
    0.38723036646842957, 
    0.317708820104599, 
    0.35026347637176514, 
    0.3735337555408478, 
    0.22834375500679016, 
    0.28546440601348877, 
    0.39338719844818115, 
    0.3076561391353607, 
    0.32290294766426086, 
    0.3036442697048187, 
    0.2870945632457733, 
    0.2877296209335327, 
    0.5292322039604187, 
    0.31822770833969116, 
    0.3443355858325958, 
    0.5907490849494934, 
    0.3515265882015228, 
    0.3461235761642456, 
    0.40711510181427, 
    0.30482491850852966, 
    0.20510901510715485, 
    0.35592350363731384, 
    0.28975242376327515, 
    0.5338166952133179, 
    0.30963069200515747, 
    0.4775365889072418, 
    0.31802016496658325, 
    0.26322972774505615, 
    0.4092676043510437, 
    0.3795261085033417, 
    0.3446009159088135, 
    0.3424285650253296, 
    0.30035722255706787, 
    0.23124215006828308, 
    0.46370768547058105, 
    0.23509103059768677, 
    0.37782275676727295, 
    0.26064544916152954, 
    0.30183324217796326, 
    0.38807862997055054, 
    0.29069599509239197, 
    0.4816248416900635, 
    0.27740442752838135, 
    0.34513407945632935, 
    0.38886862993240356, 
    0.3213695287704468, 
    0.3143615424633026, 
    0.2779059410095215, 
    0.43953758478164673, 
    0.29494816064834595, 
    0.29486727714538574, 
    0.2570825517177582, 
    0.4260396957397461, 
    0.31239280104637146, 
    0.25314050912857056, 
    0.25760480761528015, 
    0.32003694772720337, 
    0.23119677603244781, 
    0.2738170623779297, 
    0.42929524183273315, 
    0.3157588243484497, 
    0.3242759108543396, 
    0.31908318400382996, 
    0.31711894273757935, 
    0.2882010340690613, 
    0.289980947971344, 
    0.23102480173110962, 
    0.3246672451496124, 
    0.32210278511047363, 
    0.4335750937461853, 
    0.3467252254486084, 
    0.2862843871116638, 
    0.3715433180332184, 
    0.3992519974708557, 
    0.06542232632637024, 
    0.4114028811454773, 
    0.4899553060531616, 
    0.38656166195869446, 
    0.30989235639572144, 
    0.37325453758239746, 
    0.2835572063922882, 
    0.37744224071502686, 
    0.2964443564414978, 
    0.29268500208854675, 
    0.246826633810997, 
    0.2929774224758148, 
    0.27956148982048035, 
    0.4808118939399719, 
    0.2952254116535187, 
    0.3161464333534241, 
    0.32890450954437256, 
    0.20357422530651093, 
    0.2789483368396759, 
    0.29397571086883545, 
    0.3629204332828522, 
    0.33643782138824463, 
    0.2777881622314453, 
    0.42555949091911316, 
    0.31573185324668884, 
    0.33157241344451904, 
    0.2717741131782532, 
    0.4136122763156891, 
    0.30815818905830383, 
    0.3440479338169098, 
    0.27740761637687683, 
    0.29626667499542236, 
    0.2905134856700897, 
    0.2983420789241791, 
    0.26186951994895935, 
    0.3350023031234741, 
    0.2162572145462036, 
    0.22710517048835754, 
    0.24858199059963226, 
    0.37224921584129333, 
    0.31553566455841064, 
    0.3177966773509979, 
    0.3874123990535736, 
    0.3522050678730011, 
    0.40503931045532227, 
    0.26371750235557556, 
    0.32418373227119446, 
    0.30562055110931396, 
    0.35588380694389343, 
    0.2765559256076813, 
    0.292561411857605, 
    0.26963409781455994, 
    0.25429415702819824, 
    0.4030763506889343, 
    0.4167230427265167, 
    0.4060080349445343, 
    0.23225876688957214, 
    0.3798632025718689, 
    0.28629159927368164, 
    0.3393482565879822, 
    0.3297177255153656, 
    0.2778935432434082, 
    0.2676257789134979, 
    0.43592533469200134, 
    0.3226136863231659, 
    0.44826820492744446, 
    0.26670756936073303, 
    0.26664161682128906, 
    0.30400723218917847, 
    0.35973164439201355, 
    0.25253021717071533, 
    0.34370994567871094, 
    0.31166183948516846, 
    0.3306463062763214, 
    0.47069722414016724, 
    0.270305871963501, 
    0.32370397448539734, 
    0.35370373725891113, 
    0.31503748893737793, 
    0.2794019877910614, 
    0.3255327641963959, 
    0.3847198486328125, 
    0.30207040905952454, 
    0.3171619772911072, 
    0.3190150260925293, 
    0.30871766805648804, 
    0.39636656641960144, 
    0.48953863978385925, 
    0.33260205388069153, 
    0.20308658480644226, 
    0.305105060338974, 
    0.22553882002830505, 
    0.35455334186553955, 
    0.30189812183380127, 
    0.3687349259853363, 
    0.07810615748167038, 
    0.34768375754356384, 
    0.27015194296836853, 
    0.25320175290107727, 
    0.355974942445755, 
    0.23378315567970276, 
    0.280689001083374, 
    0.4059503674507141, 
    0.37358495593070984, 
    0.39194655418395996, 
    0.2797739803791046, 
    0.3400665819644928, 
    0.3686801791191101, 
    0.34508854150772095, 
    0.492634654045105, 
    0.41339078545570374, 
    0.2962387800216675, 
    0.3267628848552704, 
    0.41719961166381836, 
    0.33374908566474915, 
    0.2863350212574005, 
    0.24700655043125153, 
    0.3771270513534546, 
    0.3406431972980499, 
    0.3970380127429962, 
    0.30547672510147095, 
    0.3385249078273773, 
    0.273992121219635, 
    0.31475570797920227, 
    0.4213356077671051, 
    0.2904866635799408, 
    0.277665913105011, 
    0.24525335431098938, 
    0.44927912950515747, 
    0.3428877890110016, 
    0.2613128423690796, 
    0.24878892302513123, 
    0.4155283570289612, 
    0.32651785016059875, 
    0.21126677095890045, 
    0.21538911759853363, 
    0.3329039514064789, 
    0.3655487895011902, 
    0.26915958523750305, 
    0.23758648335933685, 
    0.33696258068084717, 
    0.5025256276130676, 
    0.4048178791999817, 
    0.32337474822998047, 
    0.31726983189582825, 
    0.41999551653862, 
    0.2617987096309662, 
    0.25472304224967957, 
    0.2653425633907318, 
    0.32840463519096375, 
    0.30198782682418823, 
    0.3498336672782898, 
    0.37473341822624207, 
    0.38109323382377625, 
    0.34545013308525085, 
    0.24605540931224823, 
    0.302667498588562, 
    0.28067442774772644, 
    0.3939937651157379, 
    0.3162379562854767, 
    0.3548579514026642, 
    0.31308549642562866, 
    0.3043513894081116, 
    0.250425785779953, 
    0.4342009425163269, 
    0.29020026326179504, 
    0.37136465311050415, 
    0.25663071870803833, 
    0.3676498234272003, 
    0.27513837814331055, 
    0.34042567014694214, 
    0.32758018374443054, 
    0.3050440847873688, 
    0.3212844431400299, 
    0.2744870185852051, 
    0.3569439649581909, 
    0.3750006854534149, 
    0.5553531646728516, 
    0.2913922965526581, 
    0.4581966996192932, 
    0.2816644012928009, 
    0.22833454608917236, 
    0.412476509809494, 
    0.28466796875, 
    0.299020379781723, 
    0.2661917507648468, 
    0.2898257076740265, 
    0.4064740836620331, 
    0.32212430238723755, 
    0.25015944242477417, 
    0.3079748749732971, 
    0.2817160189151764, 
    0.26786255836486816, 
    0.42975741624832153, 
    0.3790842890739441, 
    0.30969327688217163, 
    0.5459340214729309, 
    0.2845238447189331, 
    0.377545028924942, 
    0.3420249819755554, 
    0.2399621307849884, 
    0.23994594812393188, 
    0.3563856780529022, 
    0.3375686705112457, 
    0.42454835772514343, 
    0.36678045988082886, 
    0.4275646209716797, 
    0.31890445947647095, 
    0.23725861310958862, 
    0.3591805696487427, 
    0.3347463011741638, 
    0.4696172773838043, 
    0.37802934646606445, 
    0.3121001720428467, 
    0.5214818716049194, 
    0.4338452219963074, 
    0.2182132452726364, 
    0.4214707314968109, 
    0.4146353602409363, 
    0.3191485106945038, 
    0.4036928713321686, 
    0.21664908528327942, 
    0.4817376434803009, 
    0.2217361181974411, 
    0.249966561794281, 
    0.3661510944366455, 
    0.5105602741241455, 
    0.3390427827835083, 
    0.23257675766944885, 
    0.27727559208869934, 
    0.35018956661224365, 
    0.2696898877620697, 
    0.3923501968383789, 
    0.3224840462207794, 
    0.3820780813694, 
    0.3944021463394165, 
    0.2275695949792862, 
    0.29044315218925476, 
    0.29575806856155396, 
    0.6555215716362, 
    0.2742266356945038, 
    0.30534419417381287, 
    0.4182908535003662, 
    0.3351578116416931, 
    0.3532105088233948, 
    0.35354965925216675, 
    0.31739699840545654, 
    0.2206905484199524, 
    0.23899859189987183, 
    0.3221508860588074, 
    0.40299952030181885, 
    0.32721954584121704, 
    0.41135942935943604, 
    0.23169495165348053, 
    0.409140944480896, 
    0.2866475582122803, 
    0.2813985049724579, 
    0.2508133351802826, 
    0.22738972306251526, 
    0.30933257937431335, 
    0.3515123128890991, 
    0.27457648515701294, 
    0.394868940114975, 
    0.3976268172264099, 
    0.45550793409347534, 
    0.2753298282623291, 
    0.45942187309265137, 
    0.3000490367412567, 
    0.2967289388179779, 
    0.2749486267566681, 
    0.36995449662208557, 
    0.27743175625801086, 
    0.2914184629917145, 
    0.30639785528182983, 
    0.24117635190486908, 
    0.47460320591926575, 
    0.41374796628952026, 
    0.28960496187210083, 
    0.4087356626987457, 
    0.2694849371910095, 
    0.26873520016670227, 
    0.23461320996284485, 
    0.5654172301292419, 
    0.479092538356781, 
    0.3349696397781372, 
    0.38141512870788574, 
    0.2936613857746124, 
    0.29194891452789307, 
    0.4924706220626831, 
    0.26371264457702637, 
    0.4122743606567383, 
    0.26485148072242737, 
    0.40261080861091614, 
    0.3283084034919739, 
    0.4284699559211731, 
    0.36521115899086, 
    0.39307916164398193, 
    0.28818926215171814, 
    0.38955923914909363, 
    0.43677887320518494, 
    0.2968895733356476, 
    0.30593717098236084, 
    0.29746878147125244, 
    0.3419673442840576, 
    0.2873309552669525, 
    0.36434364318847656, 
    0.36431917548179626, 
    0.41831135749816895, 
    0.3138674199581146, 
    0.35645532608032227, 
    0.2648910880088806, 
    0.5988113284111023, 
    0.37844645977020264, 
    0.34816843271255493, 
    0.3390422463417053, 
    0.39787963032722473, 
    0.2858559489250183, 
    0.35259273648262024, 
    0.33169347047805786, 
    0.24634423851966858, 
    0.2910185754299164, 
    0.26592907309532166, 
    0.4049491584300995, 
    0.3137594759464264, 
    0.09603338688611984, 
    0.5028879642486572, 
    0.330741822719574, 
    0.25901490449905396, 
    0.2757819592952728, 
    0.33860862255096436, 
    0.28225797414779663, 
    0.4165007174015045, 
    0.32525691390037537, 
    0.3819308280944824, 
    0.4075844883918762, 
    0.31835654377937317, 
    0.3202165961265564, 
    0.4093211889266968
]