[
    0.23739032447338104, 
    0.29362577199935913, 
    0.2717733383178711, 
    0.22945243120193481, 
    0.16996173560619354, 
    0.28729721903800964, 
    0.19555304944515228, 
    0.23036375641822815, 
    0.28936004638671875, 
    0.2559153437614441, 
    0.011938787065446377, 
    0.32152560353279114, 
    0.0013631461188197136, 
    0.29230353236198425, 
    0.2992003560066223, 
    0.1989801526069641, 
    0.2726474404335022, 
    0.26520171761512756, 
    0.20025253295898438, 
    0.3014127016067505, 
    0.26883918046951294, 
    0.18231011927127838, 
    0.20956197381019592, 
    0.27809518575668335, 
    0.1670047789812088, 
    0.20088301599025726, 
    0.25212362408638, 
    0.0004907293478026986, 
    0.28169193863868713, 
    0.2613109052181244, 
    0.00800203625112772, 
    0.26604804396629333, 
    0.29575708508491516, 
    0.27782222628593445, 
    0.29142090678215027, 
    0.20599724352359772, 
    0.001490092952735722, 
    0.21530412137508392, 
    0.24386535584926605, 
    0.2812356948852539, 
    0.2794843316078186, 
    0.28707870841026306, 
    0.2784091532230377, 
    0.28633633255958557, 
    0.20120665431022644, 
    0.3477068543434143, 
    0.1856478601694107, 
    0.17317886650562286, 
    0.19105099141597748, 
    0.28425416350364685, 
    0.21086040139198303, 
    0.1879037469625473, 
    0.1620568037033081, 
    0.25329354405403137, 
    0.2858525812625885, 
    0.001619113376364112, 
    0.18004590272903442, 
    0.2242264300584793, 
    0.29689842462539673, 
    0.20041964948177338, 
    0.268543541431427, 
    0.2672022581100464, 
    0.28443649411201477, 
    0.2649383544921875, 
    0.2792743742465973, 
    0.2922622859477997, 
    0.08778654783964157, 
    0.00656343437731266, 
    0.0007497615879401565, 
    0.3014637529850006, 
    0.2103123813867569, 
    -0.0059910430572927, 
    0.21786904335021973, 
    0.2642548382282257, 
    0.2916850447654724, 
    0.2768876552581787, 
    0.003197966143488884, 
    0.27029934525489807, 
    0.268894225358963, 
    0.33362433314323425, 
    0.26204603910446167, 
    0.2542155981063843, 
    0.3004983067512512, 
    0.255283921957016, 
    0.27313733100891113, 
    0.2506033778190613, 
    0.2209647297859192, 
    0.2647291123867035, 
    0.2725697159767151, 
    0.21770261228084564, 
    0.21270757913589478, 
    0.2400113046169281, 
    0.21092724800109863, 
    0.18831367790699005, 
    -0.0009311930043622851, 
    0.000676558178383857, 
    0.2679426074028015, 
    0.24969753623008728, 
    0.24464638531208038, 
    0.19567744433879852, 
    0.32065463066101074, 
    0.2723597288131714, 
    0.2765951454639435, 
    0.302153617143631, 
    0.2610626220703125, 
    0.26042503118515015, 
    0.23237058520317078, 
    0.29892992973327637, 
    0.0009064103360287845, 
    0.27817845344543457, 
    0.2084534466266632, 
    0.2824647128582001, 
    0.25184550881385803, 
    0.2798064351081848, 
    0.28750142455101013, 
    0.30924418568611145, 
    0.21592649817466736, 
    0.2996200919151306, 
    0.24710075557231903, 
    0.19763511419296265, 
    0.18151916563510895, 
    0.27258729934692383, 
    0.2872227132320404, 
    0.2677205502986908, 
    0.2813769280910492, 
    0.3057378828525543, 
    0.25769031047821045, 
    0.27792295813560486, 
    0.3009485900402069, 
    0.22151567041873932, 
    0.20952562987804413, 
    0.2663803994655609, 
    0.28155505657196045, 
    0.1958581954240799, 
    0.3174450099468231, 
    0.31167760491371155, 
    0.24532610177993774, 
    0.2562459707260132, 
    0.2380298227071762, 
    0.2352817952632904, 
    0.2552086114883423, 
    0.06681390106678009, 
    0.1893833726644516, 
    0.0009587687090970576, 
    0.16994042694568634, 
    0.0011838671052828431, 
    0.0007208821480162442, 
    0.27677419781684875, 
    0.2809688448905945, 
    0.2711968719959259, 
    0.20469173789024353, 
    0.25339046120643616, 
    0.2258826494216919, 
    0.2642615735530853, 
    0.28489288687705994, 
    0.2839943766593933, 
    0.2730077803134918, 
    0.244463250041008, 
    0.20619536936283112, 
    0.2297600507736206, 
    0.19255627691745758, 
    0.2639305591583252, 
    0.17985203862190247, 
    0.264337420463562, 
    0.28233686089515686, 
    -0.014180521480739117, 
    0.3006647527217865, 
    0.26215535402297974, 
    0.2907484769821167, 
    0.28027546405792236, 
    0.2696881592273712, 
    0.25114983320236206, 
    0.2150377333164215, 
    0.30249929428100586, 
    0.28721246123313904, 
    0.25142037868499756, 
    0.2003650814294815, 
    0.17387087643146515, 
    0.0007755151600576937, 
    -0.0016143176471814513, 
    -0.0008898097439669073, 
    0.3385010063648224, 
    0.32988086342811584, 
    0.19086574018001556, 
    0.324034184217453, 
    0.2746049165725708, 
    0.29513147473335266, 
    0.280611515045166, 
    0.21300722658634186, 
    0.28047022223472595, 
    -0.003237911034375429, 
    0.00953482836484909, 
    0.28393635153770447, 
    0.26596689224243164, 
    0.2961329519748688, 
    0.27596068382263184, 
    0.16092699766159058, 
    0.2661702632904053, 
    0.2730463147163391, 
    0.22458596527576447, 
    0.2905091941356659, 
    0.2051411122083664, 
    0.20806802809238434, 
    0.28651872277259827, 
    0.24545763432979584, 
    0.29817646741867065, 
    0.338455468416214, 
    0.2383793294429779, 
    0.2809743583202362, 
    0.28564199805259705, 
    0.29858607053756714, 
    0.24150554835796356, 
    0.24063557386398315, 
    0.23888015747070312, 
    0.28959009051322937, 
    0.30815058946609497, 
    0.26316484808921814, 
    0.3059384226799011, 
    0.2366524636745453, 
    0.2860161066055298, 
    0.2788287103176117, 
    0.30458712577819824, 
    0.32739531993865967, 
    0.2713033854961395, 
    0.2793693244457245, 
    0.2576569616794586, 
    0.29143667221069336, 
    0.19394224882125854, 
    0.2834457457065582, 
    0.2713484764099121, 
    0.2810257077217102, 
    0.25208574533462524, 
    0.19976244866847992, 
    0.2926868200302124, 
    0.002752736210823059, 
    -0.00933479331433773, 
    0.23590590059757233, 
    0.29039275646209717, 
    0.26317813992500305, 
    0.25982216000556946, 
    0.2965589761734009, 
    0.21165607869625092, 
    0.28670865297317505, 
    0.28317877650260925, 
    0.09554765373468399, 
    0.1752101480960846, 
    0.2690529227256775, 
    0.0005738181644119322, 
    0.17686837911605835, 
    0.2667011022567749, 
    0.012587063945829868, 
    0.280345618724823, 
    0.2767101228237152, 
    0.16081582009792328, 
    0.24325990676879883, 
    0.27810025215148926, 
    0.2631177306175232, 
    0.001020858297124505, 
    0.0033145856577903032, 
    0.1383104771375656, 
    0.24539655447006226, 
    0.2189398854970932, 
    0.25592389702796936, 
    0.15754196047782898, 
    0.24137072265148163, 
    0.27687832713127136, 
    0.2903953790664673, 
    0.2891833782196045, 
    0.2737657129764557, 
    0.25107547640800476, 
    0.23871618509292603, 
    0.20208539068698883, 
    0.17375946044921875, 
    0.26570314168930054, 
    0.26918667554855347, 
    0.26725101470947266, 
    0.27057409286499023, 
    0.2704926133155823, 
    0.0009886246407404542, 
    0.31652095913887024, 
    0.28723570704460144, 
    0.278594046831131, 
    0.28432977199554443, 
    0.0023555373772978783, 
    0.003997740801423788, 
    0.2251460701227188, 
    0.2093721628189087, 
    0.18180927634239197, 
    0.2472473531961441, 
    -0.0006013877573423088, 
    0.23708532750606537, 
    0.24892665445804596, 
    0.2282649576663971, 
    0.1364070624113083, 
    0.21782749891281128, 
    0.2547464370727539, 
    0.2011306881904602, 
    0.28829866647720337, 
    0.2810404598712921, 
    0.27686238288879395, 
    0.2684628963470459, 
    0.26786795258522034, 
    0.2856024503707886, 
    0.22538316249847412, 
    0.1745336800813675, 
    0.25615084171295166, 
    0.2958747148513794, 
    0.2880147099494934, 
    0.19661645591259003, 
    0.01033078320324421, 
    0.20399773120880127, 
    0.2711913585662842, 
    0.2516590654850006, 
    0.1636384129524231, 
    -0.0005917770904488862, 
    0.28293344378471375, 
    0.25438570976257324, 
    0.3016929030418396, 
    0.28598320484161377, 
    0.2704733610153198, 
    0.30246594548225403, 
    0.305361807346344, 
    0.1861191838979721, 
    0.3299168050289154, 
    0.29273879528045654, 
    0.2822705805301666, 
    0.2748551368713379, 
    0.12873290479183197, 
    0.27621743083000183, 
    0.265689879655838, 
    0.27633169293403625, 
    0.27333468198776245, 
    0.2742823660373688, 
    0.0017443137476220727, 
    0.15165187418460846, 
    0.22587190568447113, 
    0.28789570927619934, 
    0.29164987802505493, 
    0.2717120349407196, 
    0.2739953398704529, 
    0.2632448375225067, 
    0.289285808801651, 
    0.26059526205062866, 
    0.28816917538642883, 
    0.2947869300842285, 
    0.17889733612537384, 
    0.2744233012199402, 
    0.24847306311130524, 
    0.28649452328681946, 
    0.18230780959129333, 
    0.2575177550315857, 
    0.26511016488075256, 
    -7.985441334312782e-05, 
    0.2876509726047516, 
    0.24925567209720612, 
    0.19123154878616333, 
    0.3169490694999695, 
    0.27042442560195923, 
    0.22877195477485657, 
    0.2316998988389969, 
    0.25532740354537964, 
    0.2552204728126526, 
    0.30998918414115906, 
    0.23672129213809967, 
    0.0022505209781229496, 
    0.2863188683986664, 
    0.28898748755455017, 
    0.26599496603012085, 
    0.0030978175345808268, 
    -0.0007033826550468802, 
    0.29162800312042236, 
    0.2619699239730835, 
    0.25456342101097107, 
    0.0011807028204202652, 
    0.2972237169742584, 
    0.0003707060241140425, 
    0.26677533984184265, 
    0.24493850767612457, 
    0.24836361408233643, 
    0.2766713798046112, 
    0.2539269030094147, 
    0.2911849617958069, 
    0.2878490686416626, 
    0.0009783610003069043, 
    0.2552069425582886, 
    -0.0068549783900380135, 
    0.15280687808990479, 
    0.18095004558563232, 
    0.0003106202057097107, 
    -0.0002795291075017303, 
    0.25933822989463806, 
    -0.0035531672183424234, 
    0.00043076759902760386, 
    0.2717027962207794, 
    0.29461780190467834, 
    0.2637615501880646, 
    0.24578027427196503, 
    0.210234597325325, 
    0.27306732535362244, 
    0.26858237385749817, 
    0.24493244290351868, 
    0.3208782374858856, 
    0.015004295855760574, 
    0.1680421680212021, 
    0.19941890239715576, 
    0.16923387348651886, 
    0.19016724824905396, 
    -0.001232606708072126, 
    0.2934548556804657, 
    0.22779688239097595, 
    0.16137391328811646, 
    0.27535492181777954, 
    0.28420570492744446, 
    0.26693102717399597, 
    0.29006898403167725, 
    0.0039863912388682365, 
    0.2786782383918762, 
    0.2456316351890564, 
    0.278047114610672, 
    0.30086827278137207, 
    -0.00032067912979982793, 
    0.16244782507419586, 
    0.2839469313621521, 
    0.19471342861652374, 
    0.25007274746894836, 
    0.27313682436943054, 
    0.026615025475621223, 
    0.2802618443965912, 
    0.1655464470386505, 
    0.2755880355834961, 
    0.30190134048461914, 
    0.2883230149745941, 
    0.2910781800746918, 
    0.28116849064826965, 
    0.0006407538894563913, 
    0.2802329659461975, 
    0.24248380959033966, 
    0.25709208846092224, 
    0.36749687790870667, 
    0.27211570739746094, 
    0.2748064696788788, 
    0.28078970313072205, 
    0.1532234102487564, 
    0.26224422454833984, 
    0.27200013399124146, 
    0.003944785334169865, 
    0.1748122274875641, 
    0.3098635673522949, 
    0.21113556623458862, 
    0.287803590297699, 
    0.28145328164100647, 
    -0.0011904051061719656, 
    0.0004937670892104506, 
    0.271197110414505, 
    0.005707594100385904, 
    0.2570844292640686, 
    0.2516538202762604, 
    -0.0023347747046500444, 
    0.0025913307908922434, 
    0.19454613327980042, 
    0.0014857194619253278, 
    0.28225135803222656, 
    0.23565049469470978, 
    0.23060396313667297, 
    -0.005709330551326275, 
    0.20422370731830597, 
    0.29163476824760437, 
    0.28708457946777344, 
    0.2817037105560303, 
    0.2688165009021759, 
    0.29394951462745667, 
    0.27177947759628296, 
    9.762022091308609e-05, 
    0.26100173592567444, 
    0.26989907026290894, 
    0.18402956426143646, 
    0.24926769733428955, 
    0.17798203229904175, 
    0.2622013986110687, 
    8.730643457965925e-05, 
    0.23684538900852203, 
    0.28367558121681213, 
    0.2680278718471527, 
    0.2740260064601898, 
    0.2846790850162506, 
    0.23719081282615662, 
    -0.009139396250247955, 
    0.11882667988538742, 
    0.2844100892543793, 
    0.29135727882385254, 
    -0.0015162924537435174, 
    0.1451318860054016, 
    0.002363004256039858, 
    0.2724187970161438, 
    0.2531135082244873, 
    0.2769286334514618, 
    0.005240354221314192, 
    0.20231786370277405, 
    0.2163623869419098, 
    0.3107330799102783, 
    0.21349890530109406, 
    0.2746056914329529, 
    0.2649882137775421, 
    0.29417940974235535, 
    0.24333828687667847, 
    0.2794766128063202, 
    0.2970101535320282, 
    0.2778851091861725, 
    0.2940111756324768, 
    0.2691470980644226, 
    0.24894548952579498, 
    0.0003088419616688043, 
    0.2663877606391907, 
    0.26953303813934326, 
    0.13789047300815582, 
    0.30635738372802734, 
    0.1690758466720581, 
    0.2579675018787384, 
    0.20670415461063385, 
    0.29115909337997437, 
    0.27432742714881897, 
    0.2746930718421936, 
    0.26704636216163635, 
    0.2834296226501465, 
    0.28937891125679016, 
    0.1955231875181198, 
    0.28301945328712463, 
    0.23684342205524445, 
    0.30900225043296814, 
    -0.0002127529587596655, 
    0.20993554592132568, 
    0.297527015209198, 
    0.28332337737083435, 
    0.21606595814228058, 
    0.2876007854938507, 
    0.26282912492752075, 
    0.2469850778579712, 
    0.2817675769329071, 
    0.1513310968875885, 
    0.23514702916145325, 
    0.260890930891037, 
    0.28016355633735657, 
    0.31859877705574036, 
    0.29083457589149475, 
    0.1464959979057312, 
    0.00131491688080132, 
    0.2831442654132843, 
    0.14619095623493195, 
    0.26038506627082825, 
    0.27952784299850464, 
    0.26767784357070923, 
    0.18738770484924316, 
    -0.00495619373396039, 
    0.2901839315891266, 
    0.17949724197387695, 
    0.21216580271720886, 
    0.0027693333104252815, 
    0.2620307505130768, 
    0.323832631111145, 
    0.27346670627593994, 
    0.20841456949710846, 
    0.27522701025009155, 
    0.18989554047584534, 
    0.22446046769618988, 
    0.0018106126226484776, 
    0.2956317663192749, 
    0.21766746044158936, 
    0.17898045480251312, 
    0.2514914274215698, 
    0.29794737696647644, 
    0.3032969832420349, 
    0.27463269233703613, 
    0.2550077438354492, 
    0.27600640058517456, 
    0.20128779113292694, 
    0.15916664898395538, 
    0.22656400501728058, 
    0.21262434124946594, 
    0.2497972846031189, 
    0.2928071916103363, 
    0.23584505915641785, 
    0.28650033473968506, 
    0.2607712149620056, 
    0.16959820687770844, 
    0.2867354154586792, 
    0.2674087584018707, 
    0.2814366817474365, 
    0.2803595960140228, 
    0.2384815216064453, 
    0.2177785336971283, 
    -0.0001796366850612685, 
    0.25488603115081787, 
    3.9063652366166934e-05, 
    0.2787180542945862, 
    0.27678585052490234, 
    0.27458029985427856, 
    0.28600215911865234, 
    0.30881935358047485, 
    0.0034216386266052723, 
    0.27905070781707764, 
    0.2767499089241028, 
    0.16920243203639984, 
    0.2984793782234192, 
    -0.0016891638515517116, 
    0.28091785311698914, 
    0.2812342047691345, 
    0.21223080158233643, 
    0.1941075474023819, 
    0.22885166108608246, 
    0.012427927926182747, 
    0.2789119780063629, 
    0.28891023993492126, 
    0.21627844870090485, 
    0.2180277705192566, 
    0.26174360513687134, 
    0.2844688892364502, 
    0.2851432263851166, 
    0.18147814273834229, 
    0.2580454647541046, 
    0.31177982687950134, 
    0.1705663651227951, 
    0.2825095057487488, 
    0.3313109576702118, 
    0.24412435293197632, 
    0.011861106380820274, 
    0.2883017063140869, 
    0.2862659692764282, 
    0.2507590353488922, 
    0.011391050182282925, 
    0.27924636006355286, 
    0.2716401517391205, 
    0.26358145475387573, 
    0.29259786009788513, 
    0.20061196386814117, 
    0.17148526012897491, 
    0.29001691937446594, 
    0.28533947467803955, 
    0.0007256655371747911, 
    0.20076914131641388, 
    0.2634184658527374, 
    0.14307735860347748, 
    0.0015010935021564364, 
    0.2791177034378052, 
    0.20474904775619507, 
    0.13170965015888214, 
    0.16160784661769867, 
    0.2705869674682617, 
    0.2765694856643677, 
    0.1815657764673233, 
    0.2652619779109955, 
    0.27030864357948303, 
    0.16634084284305573, 
    0.258594810962677, 
    0.276997447013855, 
    0.23260293900966644, 
    0.2730938494205475, 
    0.28830188512802124, 
    0.2605849802494049, 
    0.2731144428253174, 
    0.27652809023857117, 
    0.2585543096065521, 
    0.2502163052558899, 
    0.2738487720489502, 
    0.16438747942447662, 
    0.30380597710609436, 
    -0.006436592899262905, 
    0.0008213992696255445, 
    0.26500236988067627, 
    0.28368595242500305, 
    0.28658396005630493, 
    0.21781142055988312, 
    0.28121471405029297, 
    0.3039659261703491, 
    0.25960734486579895, 
    0.29294487833976746, 
    0.0009342806879431009, 
    0.27962052822113037, 
    0.21991947293281555, 
    0.286724716424942, 
    0.21167108416557312, 
    0.2974195182323456, 
    0.2935679256916046, 
    0.27230048179626465, 
    0.2987213134765625, 
    0.28979089856147766, 
    -0.007259744219481945, 
    0.2607719898223877, 
    0.2662923336029053, 
    0.16554497182369232, 
    0.2830388844013214, 
    0.2701208293437958, 
    0.2762342393398285, 
    0.29140377044677734, 
    0.2992856502532959, 
    0.24859610199928284, 
    0.2782837748527527, 
    0.2863408625125885, 
    0.18824981153011322, 
    0.21079428493976593, 
    -0.0008128222543746233, 
    -0.01046193577349186, 
    0.32223841547966003, 
    0.26378726959228516, 
    0.3469141125679016, 
    0.2773931920528412, 
    0.2804504632949829, 
    0.2491694539785385, 
    0.2904147803783417, 
    0.2768358886241913, 
    0.11726915836334229, 
    -0.008741268888115883, 
    0.2845495641231537, 
    0.23264022171497345, 
    -0.0032935072667896748, 
    0.24396049976348877, 
    0.26201513409614563, 
    0.2923983335494995, 
    0.28862664103507996, 
    0.20154263079166412, 
    0.3022482693195343, 
    0.306997150182724, 
    0.22498437762260437, 
    0.005332387052476406, 
    0.20570681989192963, 
    -0.001801390084438026, 
    0.27618369460105896, 
    0.28247207403182983, 
    0.18063588440418243, 
    0.0007307870546355844, 
    0.22618861496448517, 
    0.16497749090194702, 
    0.2799835503101349, 
    0.2692226767539978, 
    0.27858901023864746, 
    0.15431305766105652, 
    0.27720850706100464, 
    0.31178948283195496, 
    0.27097517251968384, 
    0.13987062871456146, 
    0.2735581696033478, 
    0.0005938247195445001, 
    0.25508931279182434, 
    0.28308719396591187, 
    0.0040963320061564445, 
    0.2767312526702881, 
    0.28038832545280457, 
    0.2611347436904907, 
    0.29396113753318787, 
    0.2845342755317688, 
    0.317068874835968, 
    0.2550159990787506, 
    -0.0011200231965631247, 
    0.006235448643565178, 
    0.3090983033180237, 
    0.3005611300468445, 
    -0.002484636614099145, 
    0.1671098917722702, 
    0.0006556095322594047, 
    0.29037752747535706, 
    0.27785366773605347, 
    0.20088128745555878, 
    0.2670974135398865, 
    0.2906401455402374, 
    0.23903809487819672, 
    0.132551372051239, 
    0.28451818227767944, 
    0.2566228210926056, 
    0.25825199484825134, 
    0.3000604212284088, 
    0.23679296672344208, 
    0.266117125749588, 
    0.2016010284423828, 
    0.1952914297580719, 
    0.2268742322921753, 
    0.2125392109155655, 
    0.29196247458457947, 
    0.26511284708976746, 
    0.29304951429367065, 
    0.13277915120124817, 
    0.2438756823539734, 
    0.27420324087142944, 
    0.22829414904117584, 
    0.21229279041290283, 
    0.30530568957328796, 
    0.2395583838224411, 
    0.23918598890304565, 
    0.2617790102958679, 
    0.28466087579727173, 
    0.20950277149677277, 
    0.31556594371795654, 
    0.2766425311565399, 
    0.22621437907218933, 
    0.2241135537624359, 
    0.2733938694000244, 
    0.24017378687858582, 
    0.001919666538015008, 
    0.21505135297775269, 
    0.2766663432121277, 
    0.29222699999809265, 
    0.19362673163414001, 
    0.20024627447128296, 
    0.2792961001396179, 
    0.24828064441680908, 
    0.30694565176963806, 
    0.2892543375492096, 
    0.2820391356945038, 
    0.25787076354026794, 
    0.26772528886795044, 
    0.000824952672701329, 
    0.16676725447177887, 
    0.17709358036518097, 
    0.001161518506705761, 
    0.2614314556121826, 
    0.23132458329200745, 
    0.314104825258255, 
    0.2687520682811737, 
    0.3175848126411438, 
    0.18449769914150238, 
    0.2997468113899231, 
    0.294607549905777, 
    0.19909058511257172, 
    0.2883634567260742, 
    0.2309240847826004, 
    0.1913471668958664, 
    0.2805211842060089, 
    0.254042387008667, 
    0.22416873276233673, 
    0.30193236470222473, 
    0.25245532393455505, 
    0.30543163418769836, 
    0.2492525428533554, 
    0.2866695523262024, 
    0.30341652035713196, 
    0.21315017342567444, 
    0.28706011176109314, 
    0.17337879538536072, 
    0.31017959117889404, 
    0.15201587975025177, 
    0.28976207971572876, 
    0.2260376513004303, 
    0.17622439563274384, 
    0.0006636161706410348, 
    0.2868398129940033, 
    0.23336830735206604, 
    0.29580485820770264, 
    0.0015250458382070065, 
    0.30392417311668396, 
    0.20201240479946136, 
    0.2652627229690552, 
    0.27907291054725647, 
    0.2624858617782593, 
    0.19011490046977997, 
    0.2887958884239197, 
    0.1370978206396103, 
    0.2866811752319336, 
    0.2763330936431885, 
    0.1352548450231552, 
    0.2834151089191437, 
    0.1802540123462677, 
    0.2983078956604004, 
    0.29222798347473145, 
    -0.0012254141038283706, 
    0.2014736384153366, 
    0.2695828974246979, 
    0.20619997382164001, 
    0.2881273031234741, 
    0.2880449891090393, 
    0.26622432470321655, 
    0.008255966939032078, 
    0.2689914107322693, 
    0.2806856036186218, 
    0.20076371729373932, 
    0.2646503746509552, 
    0.010940688662230968, 
    0.001397565589286387, 
    0.28804919123649597, 
    0.2963259220123291, 
    0.2563402056694031, 
    0.2667737603187561, 
    0.24660715460777283, 
    0.26387494802474976, 
    0.24140623211860657, 
    0.00019024632638320327, 
    0.2588551640510559, 
    0.2074659764766693, 
    0.15857286751270294, 
    0.30361437797546387, 
    0.24316130578517914, 
    0.28045913577079773, 
    0.27536264061927795, 
    0.23430506885051727, 
    0.17010167241096497, 
    -0.0001728851639200002, 
    0.28049081563949585, 
    0.19294969737529755, 
    0.24593840539455414, 
    0.2607916295528412, 
    0.2866608500480652, 
    0.2043532133102417, 
    0.3254961669445038, 
    0.22783251106739044, 
    0.2592156231403351, 
    0.23115622997283936, 
    0.18466922640800476, 
    0.26480263471603394, 
    0.31455284357070923, 
    0.22370964288711548, 
    0.2920684516429901, 
    0.301101952791214, 
    0.3007386028766632, 
    0.002052375813946128, 
    0.31114068627357483, 
    0.2799794375896454, 
    0.19303667545318604, 
    0.2960510551929474, 
    0.21392203867435455, 
    0.3025580942630768, 
    0.27644410729408264, 
    0.25245121121406555, 
    0.30674877762794495, 
    0.21434417366981506, 
    0.25032153725624084, 
    0.18139837682247162, 
    0.21454724669456482, 
    0.2893661558628082, 
    0.311700701713562, 
    0.2690449655056, 
    0.2734993100166321, 
    0.28441599011421204, 
    0.19596104323863983, 
    0.21840263903141022, 
    0.3033026158809662, 
    0.2890705168247223, 
    0.001385061303153634, 
    0.2997504472732544, 
    0.25794750452041626, 
    0.23257388174533844, 
    -0.0005930345505475998, 
    0.26735159754753113, 
    0.2675608694553375, 
    0.31146445870399475, 
    0.25201356410980225, 
    0.0028921186458319426, 
    0.28018414974212646, 
    0.21219275891780853, 
    0.004464905243366957, 
    0.25235697627067566, 
    0.2801373600959778, 
    0.276493102312088, 
    0.28811192512512207, 
    0.0043977294117212296, 
    0.25724995136260986, 
    0.21344402432441711, 
    0.27399253845214844, 
    0.2702290713787079, 
    0.2926294803619385, 
    0.2229282259941101, 
    0.26491060853004456, 
    0.26512372493743896, 
    0.19118183851242065, 
    0.23343387246131897, 
    0.2669565677642822, 
    -0.0001548341679153964, 
    0.16526354849338531, 
    0.1089433953166008, 
    0.24299421906471252, 
    0.3739633560180664, 
    0.25468719005584717, 
    0.2606859803199768, 
    0.29949110746383667, 
    0.2721889019012451, 
    0.18676161766052246, 
    -0.0009838034166023135, 
    0.0008639610023237765, 
    0.001469305600039661, 
    0.262368768453598, 
    0.2930118441581726, 
    0.2550818622112274, 
    0.26002055406570435, 
    0.2981044054031372, 
    0.2923392951488495, 
    0.28295689821243286, 
    0.004900983534753323, 
    0.22217637300491333, 
    0.0010908124968409538, 
    0.2465846836566925, 
    0.20110595226287842, 
    0.2753565013408661, 
    0.2715853750705719, 
    -0.00028351182118058205, 
    0.3229493498802185, 
    0.23713210225105286, 
    0.278717041015625, 
    0.21239914000034332, 
    0.28048989176750183, 
    0.28842952847480774, 
    0.24849644303321838, 
    0.19958257675170898, 
    0.20371754467487335, 
    0.17497220635414124, 
    0.27358248829841614, 
    0.2955424189567566, 
    0.24858027696609497, 
    0.30059266090393066, 
    0.1622355431318283, 
    0.28403207659721375, 
    0.31038403511047363, 
    0.27490758895874023, 
    0.3750101625919342, 
    0.25711295008659363, 
    0.2890724539756775, 
    0.3008686304092407, 
    0.2537204623222351, 
    0.1765572875738144, 
    0.20923124253749847, 
    0.25130733847618103, 
    0.2844224274158478, 
    0.2845422625541687, 
    0.2795883119106293, 
    0.29649969935417175, 
    -0.0008004087721928954, 
    0.17507398128509521, 
    0.3020695149898529, 
    0.2979882061481476
]