[
    0.690754234790802, 
    0.22576190531253815, 
    0.16773127019405365, 
    0.30020231008529663, 
    0.2753518521785736, 
    0.23500066995620728, 
    0.14454971253871918, 
    0.08640004694461823, 
    -8.847369485920353e-07, 
    0.22355565428733826, 
    0.40484073758125305, 
    0.6551281809806824, 
    0.6239038705825806, 
    0.2678425908088684, 
    0.43853822350502014, 
    0.22307650744915009, 
    0.45024898648262024, 
    0.1151268258690834, 
    0.2636864185333252, 
    0.2622213065624237, 
    0.7678831815719604, 
    -0.10400936007499695, 
    0.21694573760032654, 
    0.160537987947464, 
    0.22185368835926056, 
    0.41413119435310364, 
    0.053025923669338226, 
    0.21014049649238586, 
    0.16972899436950684, 
    0.2184966802597046, 
    0.31453070044517517, 
    0.24705661833286285, 
    0.1479039490222931, 
    0.19334003329277039, 
    0.24858152866363525, 
    0.22113367915153503, 
    0.2914574444293976, 
    0.2502738833427429, 
    0.8390944600105286, 
    0.17147955298423767, 
    0.31749236583709717, 
    -0.21308377385139465, 
    0.21813607215881348, 
    0.48092764616012573, 
    0.2814643979072571, 
    -0.15430980920791626, 
    0.3088473379611969, 
    0.2508494555950165, 
    0.3191671073436737, 
    0.09100472182035446, 
    -0.19812384247779846, 
    0.26377546787261963, 
    -0.054535169154405594, 
    0.4943583607673645, 
    0.22109124064445496, 
    0.08867856115102768, 
    0.3011951148509979, 
    0.2335783690214157, 
    0.8519514203071594, 
    0.30118703842163086, 
    0.03430909290909767, 
    0.25293371081352234, 
    0.1662972867488861, 
    0.3194580674171448, 
    0.28718841075897217, 
    -0.19753830134868622, 
    0.6246066689491272, 
    -0.00129119458142668, 
    0.22598505020141602, 
    -0.03054080717265606, 
    0.3559667766094208, 
    0.33807212114334106, 
    0.28223371505737305, 
    0.30595123767852783, 
    0.32834821939468384, 
    0.19533848762512207, 
    0.2136290967464447, 
    0.2810053825378418, 
    0.41329434514045715, 
    0.28397783637046814, 
    0.20085151493549347, 
    0.20949320495128632, 
    -0.2475803941488266, 
    0.7786933183670044, 
    0.6652656197547913, 
    0.29819828271865845, 
    0.19404080510139465, 
    0.23044219613075256, 
    0.26119738817214966, 
    0.22282400727272034, 
    0.6690340638160706, 
    0.17698855698108673, 
    0.19659891724586487, 
    -1.2056291325279744e-06, 
    0.30023065209388733, 
    0.13851603865623474, 
    0.4448776841163635, 
    0.01699945330619812, 
    0.47985830903053284, 
    0.4087211787700653, 
    0.16174577176570892, 
    0.1721336990594864, 
    0.09899366647005081, 
    -0.10859460383653641, 
    0.048268791288137436, 
    -0.005948088131844997, 
    0.4562642574310303, 
    -0.11995039135217667, 
    0.4854274094104767, 
    0.29822126030921936, 
    0.14489223062992096, 
    0.23972618579864502, 
    0.3236730992794037, 
    0.3542010486125946, 
    -0.12653730809688568, 
    0.399404376745224, 
    -0.0005709118559025228, 
    0.23119264841079712, 
    0.17947529256343842, 
    0.04041813686490059, 
    -9.598924179954338e-07, 
    0.1375301480293274, 
    0.29585233330726624, 
    0.22981131076812744, 
    -0.6317247152328491, 
    0.20176929235458374, 
    -0.1991216391324997, 
    0.3508671820163727, 
    0.5981329083442688, 
    0.5985893607139587, 
    -0.26042357087135315, 
    0.15061452984809875, 
    0.2148369699716568, 
    0.22298957407474518, 
    0.12465071678161621, 
    0.11521319299936295, 
    -0.0860452726483345, 
    0.5188506245613098, 
    0.2723935544490814, 
    -0.06348937004804611, 
    -0.16244983673095703, 
    0.863781213760376, 
    0.2906284034252167, 
    0.1375330090522766, 
    0.15302716195583344, 
    0.1348770260810852, 
    0.2839604914188385, 
    0.20914223790168762, 
    0.23958340287208557, 
    0.38583213090896606, 
    -0.3235284090042114, 
    0.1794758141040802, 
    0.17574922740459442, 
    0.24491313099861145, 
    0.32917729020118713, 
    0.3803575932979584, 
    0.020039845257997513, 
    -0.01199322659522295, 
    -0.0332607626914978, 
    0.24043673276901245, 
    0.6558062434196472, 
    0.17078113555908203, 
    -0.04462713748216629, 
    0.0592610202729702, 
    0.10845127701759338, 
    0.19944117963314056, 
    0.24314817786216736, 
    0.030779710039496422, 
    0.20449680089950562, 
    0.15966634452342987, 
    0.19280853867530823, 
    0.2189253866672516, 
    0.206276997923851, 
    0.2148088812828064, 
    0.6474345326423645, 
    -0.12634395062923431, 
    0.5077287554740906, 
    0.4884938597679138, 
    0.23335987329483032, 
    0.11266972869634628, 
    0.18719525635242462, 
    0.1402190923690796, 
    0.35111019015312195, 
    0.33337369561195374, 
    0.49607932567596436, 
    0.6971117854118347, 
    -0.032615967094898224, 
    0.2523718476295471, 
    0.38388606905937195, 
    0.3802436292171478, 
    0.3402617871761322, 
    0.05630334094166756, 
    0.31618961691856384, 
    -0.20963840186595917, 
    0.3004293739795685, 
    0.670424222946167, 
    0.29435354471206665, 
    -0.0019494225271046162, 
    0.3003427982330322, 
    0.5686304569244385, 
    0.2605893313884735, 
    0.2070321887731552, 
    0.21847045421600342, 
    0.4166390299797058, 
    0.11204949021339417, 
    -0.025675922632217407, 
    0.30390575528144836, 
    0.2843717336654663, 
    0.03557181730866432, 
    0.09600117802619934, 
    0.008809216320514679, 
    -0.04210951551795006, 
    0.1960519552230835, 
    0.12383043020963669, 
    0.2849196791648865, 
    0.14968925714492798, 
    0.39925092458724976, 
    -0.13555791974067688, 
    0.3051469326019287, 
    -0.06633690744638443, 
    0.3284444510936737, 
    0.21771319210529327, 
    0.344391793012619, 
    0.24353130161762238, 
    -0.15883897244930267, 
    0.42759472131729126, 
    0.3963207006454468, 
    0.5079306364059448, 
    0.17697139084339142, 
    0.05675756558775902, 
    0.358824223279953, 
    0.1867804378271103, 
    0.2690541744232178, 
    -0.16038164496421814, 
    0.042946141213178635, 
    -0.23395292460918427, 
    0.16840358078479767, 
    0.1695718914270401, 
    0.2902570366859436, 
    0.16654568910598755, 
    0.6032019853591919, 
    0.18781419098377228, 
    0.7252500057220459, 
    0.5241906046867371, 
    0.415471613407135, 
    0.6163144707679749, 
    0.1762615144252777, 
    0.47958534955978394, 
    -0.07744459062814713, 
    0.4686829745769501, 
    -0.0021892962977290154, 
    0.46774110198020935, 
    -0.10300269722938538, 
    0.24474409222602844, 
    0.07440909743309021, 
    -0.19241146743297577
]