[
    0.30111071467399597, 
    0.35969045758247375, 
    0.24953070282936096, 
    0.29909706115722656, 
    0.28745037317276, 
    0.31417959928512573, 
    0.26658278703689575, 
    0.2537533938884735, 
    0.27334633469581604, 
    0.26531413197517395, 
    0.3952346742153168, 
    0.2431882619857788, 
    0.35418662428855896, 
    0.24669857323169708, 
    0.3403017222881317, 
    0.27130216360092163, 
    0.26889458298683167, 
    0.2672947645187378, 
    0.29224058985710144, 
    0.27726230025291443, 
    0.273326575756073, 
    0.22904986143112183, 
    0.38543590903282166, 
    0.3904154896736145, 
    0.3621539771556854, 
    0.3354564607143402, 
    0.20624101161956787, 
    0.23268382251262665, 
    0.31635230779647827, 
    0.2338932305574417, 
    0.3562803268432617, 
    0.3729839622974396, 
    0.2906321585178375, 
    0.2398635745048523, 
    0.37521737813949585, 
    0.30891191959381104, 
    0.29698556661605835, 
    0.22802135348320007, 
    0.33476942777633667, 
    0.36263275146484375, 
    0.3109687864780426, 
    0.5534214973449707, 
    0.253201961517334, 
    0.42610177397727966, 
    0.4045685827732086, 
    0.27231165766716003, 
    0.30207279324531555, 
    0.362886518239975, 
    0.23364399373531342, 
    0.4281969368457794, 
    0.3179958760738373, 
    0.2550918757915497, 
    0.2544386386871338, 
    0.2497694492340088, 
    0.2189226597547531, 
    0.27397647500038147, 
    0.23946648836135864, 
    0.3872872292995453, 
    0.3574801981449127, 
    0.32242870330810547, 
    0.31254124641418457, 
    0.23018357157707214, 
    0.3590533435344696, 
    0.30761298537254333, 
    0.3199416995048523, 
    0.3705767095088959, 
    0.2480553239583969, 
    0.1899663656949997, 
    0.2652035653591156, 
    0.25089263916015625, 
    0.2606763541698456, 
    0.358528733253479, 
    0.2873995006084442, 
    0.29753461480140686, 
    0.321627676486969, 
    0.430929958820343, 
    0.291903018951416, 
    0.29186496138572693, 
    0.3087146282196045, 
    0.24707338213920593, 
    0.3851003348827362, 
    0.33319833874702454, 
    0.26175957918167114, 
    0.259378045797348, 
    0.47617918252944946, 
    0.385459303855896, 
    0.307369589805603, 
    0.2071322649717331, 
    0.33828872442245483, 
    0.2851788103580475, 
    0.4910041391849518, 
    0.35141241550445557, 
    0.29023271799087524, 
    0.33878597617149353, 
    0.31366056203842163, 
    0.34451743960380554, 
    0.25550535321235657, 
    0.20925790071487427, 
    0.09624718129634857, 
    0.3033868670463562, 
    0.38428306579589844, 
    0.4530775547027588, 
    0.32120832800865173, 
    0.21894501149654388, 
    0.388064444065094, 
    0.21948273479938507, 
    0.34046298265457153, 
    0.23100322484970093, 
    0.30502185225486755, 
    0.3431066572666168, 
    0.24016422033309937, 
    0.3182835876941681, 
    0.5158383250236511, 
    0.24779115617275238, 
    0.47496259212493896, 
    0.24948246777057648, 
    0.2211676836013794, 
    0.35479870438575745, 
    0.39163902401924133, 
    0.4146333932876587, 
    0.3418300151824951, 
    0.44952794909477234, 
    0.3153001368045807, 
    0.23944580554962158, 
    0.27510398626327515, 
    0.48773428797721863, 
    0.3159359395503998, 
    0.3678411543369293, 
    0.31785544753074646, 
    0.3815823793411255, 
    0.2696940302848816, 
    0.2545914053916931, 
    0.22373920679092407, 
    0.2830308973789215, 
    0.41394907236099243, 
    0.33783090114593506, 
    0.2576216757297516, 
    0.42102310061454773, 
    0.4494673013687134, 
    0.27112698554992676, 
    0.25275591015815735, 
    0.27598506212234497, 
    0.36370134353637695, 
    0.21385030448436737, 
    0.2147528976202011, 
    0.28674939274787903, 
    0.2604636251926422, 
    0.4235588610172272, 
    0.3676516115665436, 
    0.29571306705474854, 
    0.3397991955280304, 
    0.34690946340560913, 
    0.4075024127960205, 
    0.2442147582769394, 
    0.3283259868621826, 
    0.2549954950809479, 
    0.24007241427898407, 
    0.26630136370658875, 
    0.24108724296092987, 
    0.27773165702819824, 
    0.28635919094085693, 
    0.23396244645118713, 
    0.3745555877685547, 
    0.3918170928955078, 
    0.2808864414691925, 
    0.5572823286056519, 
    0.21632535755634308, 
    0.3352295458316803, 
    0.3318174481391907, 
    0.35568684339523315, 
    0.3522759974002838, 
    0.2735445201396942, 
    0.27062126994132996, 
    0.37426912784576416, 
    0.2586672902107239, 
    0.29286321997642517, 
    0.24840988218784332, 
    0.2344689518213272, 
    0.3291079103946686, 
    0.30500948429107666, 
    0.31896209716796875, 
    0.26992788910865784, 
    0.24798603355884552, 
    0.4843270182609558, 
    0.2280602604150772, 
    0.4251749515533447, 
    0.26068422198295593, 
    0.3441985249519348, 
    0.30943045020103455, 
    0.3929554224014282, 
    0.3120996356010437, 
    0.23519787192344666, 
    0.2658998668193817, 
    0.2553568482398987, 
    0.26709213852882385, 
    0.3939792513847351, 
    0.25483742356300354, 
    0.22631631791591644, 
    0.24118059873580933, 
    0.3698562979698181, 
    0.2690797448158264, 
    0.28649455308914185, 
    0.20625071227550507, 
    0.33511796593666077, 
    0.30147185921669006, 
    0.3274379074573517, 
    0.27775275707244873, 
    0.28310203552246094, 
    0.2800113558769226, 
    0.20437577366828918, 
    0.2592630982398987, 
    0.2654553949832916, 
    0.4105530083179474, 
    0.27107107639312744, 
    0.22124218940734863, 
    0.2362387478351593, 
    0.3746618330478668, 
    0.3001205027103424, 
    0.34021469950675964, 
    0.4044336974620819, 
    0.26890668272972107, 
    0.2830723524093628, 
    0.2579352855682373, 
    0.34928327798843384, 
    0.3959610164165497, 
    0.28819739818573, 
    0.24286691844463348, 
    0.28263363242149353, 
    0.26043862104415894, 
    0.43265607953071594, 
    0.3030513525009155, 
    0.4141601324081421, 
    0.28532174229621887, 
    0.37317001819610596, 
    0.2446538805961609, 
    0.4300647974014282, 
    0.26688075065612793, 
    0.23334088921546936, 
    0.3238794207572937, 
    0.34871286153793335, 
    0.3070932924747467, 
    0.2936886250972748, 
    0.6782251596450806, 
    0.34900495409965515, 
    0.2237975001335144, 
    0.2643719017505646, 
    0.27387723326683044, 
    0.40606197714805603, 
    0.40882909297943115, 
    0.34963664412498474, 
    0.31743812561035156, 
    0.3275531232357025, 
    0.2437341809272766, 
    0.34581583738327026, 
    0.37205228209495544, 
    0.2745811641216278, 
    0.25627386569976807, 
    0.314616322517395, 
    0.34394925832748413, 
    0.38360127806663513, 
    0.4180859625339508, 
    0.3346620798110962, 
    0.3027644157409668, 
    0.2562894821166992, 
    0.24810096621513367, 
    0.33114778995513916, 
    0.23748140037059784, 
    0.25382858514785767, 
    0.3264545500278473, 
    0.34326475858688354, 
    0.35446450114250183, 
    0.30785390734672546, 
    0.34596458077430725, 
    0.2671283185482025, 
    0.23411330580711365, 
    0.35697299242019653, 
    0.35383132100105286, 
    0.474616676568985, 
    0.2979007959365845, 
    0.41055914759635925, 
    0.29249370098114014, 
    0.3729913532733917, 
    0.2981383502483368, 
    0.27782532572746277, 
    0.3037489950656891, 
    0.2785070836544037, 
    0.2499440312385559, 
    0.33004555106163025, 
    0.31280943751335144, 
    0.4966508150100708, 
    0.45243287086486816, 
    0.333840548992157, 
    0.2640998065471649, 
    0.20990465581417084, 
    0.31014251708984375, 
    0.25491607189178467, 
    0.2836099863052368, 
    0.06433254480361938, 
    0.3512440323829651, 
    0.30244511365890503, 
    0.3836795389652252, 
    0.3668368458747864, 
    0.2304469347000122, 
    0.28426170349121094, 
    0.2824496328830719, 
    0.4513436257839203, 
    0.25505974888801575, 
    0.40356409549713135, 
    0.27072134613990784, 
    0.29460033774375916, 
    0.26394927501678467, 
    0.25260093808174133, 
    0.4031906723976135, 
    0.2423195093870163, 
    0.23524388670921326, 
    0.2770375609397888, 
    0.3142482340335846, 
    0.3185671269893646, 
    0.5672720074653625, 
    0.3898647725582123, 
    0.3212798237800598, 
    0.2894875705242157, 
    0.22760009765625, 
    0.3049124777317047, 
    0.2972443401813507, 
    0.2484949678182602, 
    0.3476347029209137, 
    0.30803510546684265, 
    0.34390872716903687, 
    0.24992111325263977, 
    0.2157275527715683, 
    0.3015526533126831, 
    0.21369117498397827, 
    0.31167367100715637, 
    0.2832646369934082, 
    0.4023192822933197, 
    0.3026323914527893, 
    0.28372064232826233, 
    0.33270612359046936, 
    0.32033395767211914, 
    0.40551814436912537, 
    0.3622327446937561, 
    0.3036929666996002, 
    0.3927035331726074, 
    0.31734076142311096, 
    0.35183101892471313, 
    0.28369084000587463, 
    0.301233172416687, 
    0.38690197467803955, 
    0.34770500659942627, 
    0.2259383499622345, 
    0.34458309412002563, 
    0.36387354135513306, 
    0.34673982858657837, 
    0.2720496654510498, 
    0.4650547504425049, 
    0.5096662044525146, 
    0.29528990387916565, 
    0.30664631724357605, 
    0.25977712869644165, 
    0.27018246054649353, 
    0.38883522152900696, 
    0.23053039610385895, 
    0.30812016129493713, 
    0.23929107189178467, 
    0.3875854015350342, 
    0.28855425119400024, 
    0.24816462397575378, 
    0.3192242681980133, 
    0.219683438539505, 
    0.35093244910240173, 
    0.3118981719017029, 
    0.2817690670490265, 
    0.3136548697948456, 
    0.46800923347473145, 
    0.33029353618621826, 
    0.2887682616710663, 
    0.25891175866127014, 
    0.28252100944519043, 
    0.32470792531967163, 
    0.28142088651657104, 
    0.2601790428161621, 
    0.364032119512558, 
    0.3681544065475464, 
    0.37333112955093384, 
    0.30310913920402527, 
    0.35507258772850037, 
    0.24057909846305847, 
    0.32965460419654846, 
    0.49529409408569336, 
    0.2844257056713104, 
    0.2756936550140381, 
    0.3858318328857422, 
    0.3681394159793854, 
    0.3312101662158966, 
    0.3715304732322693, 
    0.29402339458465576, 
    0.3342685103416443, 
    0.23287932574748993, 
    0.25061291456222534, 
    0.408174604177475, 
    0.3907604515552521, 
    0.38275185227394104, 
    0.276083767414093, 
    0.37561148405075073, 
    0.22440743446350098, 
    0.3546125590801239, 
    0.30346035957336426, 
    0.49204307794570923, 
    0.310785174369812, 
    0.28622889518737793, 
    0.28655514121055603, 
    0.3030942380428314, 
    0.3435639441013336, 
    0.26392829418182373, 
    0.2432165890932083, 
    0.2753300368785858, 
    0.34850314259529114, 
    0.3270595371723175, 
    0.38196098804473877, 
    0.26169243454933167, 
    0.3258666694164276, 
    0.2695690095424652, 
    0.3491460978984833, 
    0.226938858628273, 
    0.330745130777359, 
    0.2906643748283386, 
    0.26991650462150574, 
    0.3034127354621887, 
    0.25842276215553284, 
    0.35247716307640076, 
    0.46878260374069214, 
    0.3251779079437256, 
    0.28757444024086, 
    0.5324223041534424, 
    0.29305633902549744, 
    0.35895878076553345, 
    0.2661389708518982, 
    0.342129111289978, 
    0.3243720233440399, 
    0.4764787256717682, 
    0.32258960604667664, 
    0.3430158495903015, 
    0.33298107981681824, 
    0.34803974628448486, 
    0.27282658219337463, 
    0.29267218708992004, 
    0.39807868003845215, 
    0.37633153796195984, 
    0.26224589347839355, 
    0.4360811412334442, 
    0.23014390468597412, 
    0.3212988078594208, 
    0.35551178455352783, 
    0.24515601992607117, 
    0.32097214460372925, 
    0.349370539188385, 
    0.33973076939582825, 
    0.34383949637413025, 
    0.31579509377479553, 
    0.4190767705440521, 
    0.231792151927948, 
    0.22787383198738098, 
    0.250687837600708, 
    0.24928271770477295, 
    0.36286336183547974, 
    0.40524449944496155, 
    0.27760234475135803, 
    0.4208069145679474, 
    0.3703455924987793, 
    0.2762698233127594, 
    0.2773127555847168, 
    0.3158455193042755, 
    0.4301179051399231, 
    0.28604596853256226, 
    0.3048208951950073, 
    0.2024344950914383, 
    0.3034428060054779, 
    0.24219679832458496, 
    0.3518158793449402, 
    0.4209897518157959, 
    0.25788840651512146, 
    0.2322947084903717, 
    0.37460562586784363, 
    0.2520625591278076, 
    0.23760350048542023, 
    0.3930813670158386, 
    0.28315022587776184, 
    0.29253122210502625, 
    0.32509249448776245, 
    0.3202448785305023, 
    0.29911595582962036, 
    0.29792389273643494, 
    0.2817932665348053, 
    0.3210386037826538, 
    0.2708257734775543, 
    0.36046114563941956, 
    0.2699585556983948, 
    0.25436121225357056, 
    0.4420124292373657, 
    0.31003156304359436, 
    0.393076092004776, 
    0.620960533618927, 
    0.37645411491394043, 
    0.36943650245666504, 
    0.40432217717170715, 
    0.40033525228500366, 
    0.27974584698677063, 
    0.2779891788959503, 
    0.3203776478767395, 
    0.5506460666656494, 
    0.3292977511882782
]