[
    0.3601592779159546, 
    0.28602665662765503, 
    0.31427478790283203, 
    0.2905753552913666, 
    0.4461503326892853, 
    0.44701096415519714, 
    0.31589052081108093, 
    0.37554192543029785, 
    0.3240475356578827, 
    0.31207531690597534, 
    0.426070898771286, 
    0.24755826592445374, 
    0.552752673625946, 
    0.2911759912967682, 
    0.3650122582912445, 
    0.3100188374519348, 
    0.32825037837028503, 
    0.3737553060054779, 
    0.27185043692588806, 
    0.2523365914821625, 
    0.3329318165779114, 
    0.40017831325531006, 
    0.27832967042922974, 
    0.2937038540840149, 
    0.2803100645542145, 
    0.26990440487861633, 
    0.3601084351539612, 
    0.37930095195770264, 
    0.3852466642856598, 
    0.08577265590429306, 
    0.3501816689968109, 
    0.2628629207611084, 
    0.38260960578918457, 
    0.3328690826892853, 
    0.4634249210357666, 
    0.35944613814353943, 
    0.647840142250061, 
    0.29513949155807495, 
    0.31927764415740967, 
    0.3144761621952057, 
    0.6733120679855347, 
    0.27853870391845703, 
    0.4283522665500641, 
    0.4529789984226227, 
    0.3461307883262634, 
    0.3070007562637329, 
    0.24625761806964874, 
    0.3537347614765167, 
    0.3088057339191437, 
    0.29505276679992676, 
    0.452697217464447, 
    0.32205015420913696, 
    0.5242326259613037, 
    0.24253393709659576, 
    0.4591582119464874, 
    0.2903108596801758, 
    0.39932212233543396, 
    0.3260442912578583, 
    0.33167964220046997, 
    0.3327174484729767, 
    0.30346187949180603, 
    0.334595263004303, 
    0.3215387463569641, 
    0.2860540747642517, 
    0.21677394211292267, 
    0.34482821822166443, 
    0.25570401549339294, 
    0.32080331444740295, 
    0.27822214365005493, 
    0.24983088672161102, 
    0.36487266421318054, 
    0.32036566734313965, 
    0.3200609087944031, 
    0.3464144468307495, 
    0.617091715335846, 
    0.23329246044158936, 
    0.46993350982666016, 
    0.353780061006546, 
    0.4542505741119385, 
    0.24876156449317932, 
    0.2948859632015228, 
    0.48133939504623413, 
    0.25212186574935913, 
    0.31616345047950745, 
    0.3590461313724518, 
    0.28953588008880615, 
    0.24927061796188354, 
    0.2648858428001404, 
    0.3288765847682953, 
    0.38715043663978577, 
    0.31602904200553894, 
    0.2690877318382263, 
    0.25975197553634644, 
    0.27476051449775696, 
    0.24836410582065582, 
    0.3312894105911255, 
    0.33581462502479553, 
    0.36930617690086365, 
    0.26067203283309937, 
    0.32937729358673096, 
    0.2585481107234955, 
    0.26712024211883545, 
    0.4329318106174469, 
    0.41266685724258423, 
    0.3309474587440491, 
    0.2848692834377289, 
    0.2581571340560913, 
    0.5453142523765564, 
    0.6046983003616333, 
    0.3230612277984619, 
    0.566632091999054, 
    0.4282291829586029, 
    0.3672339916229248, 
    0.27824580669403076, 
    0.31876033544540405, 
    0.29231154918670654, 
    0.4303950071334839, 
    0.4291040003299713, 
    0.42280519008636475, 
    0.3811127543449402, 
    0.25324776768684387, 
    0.4282148480415344, 
    0.36239340901374817, 
    0.3832184076309204, 
    0.2760712206363678, 
    0.3692129850387573, 
    0.3300459086894989, 
    0.29140686988830566, 
    0.29922887682914734, 
    0.47603553533554077, 
    0.37211117148399353, 
    0.408141165971756, 
    0.27125880122184753, 
    0.3237791359424591, 
    0.49153420329093933, 
    0.23434793949127197, 
    0.26628348231315613, 
    0.37453627586364746, 
    0.3451959788799286, 
    0.27769142389297485, 
    0.28383439779281616, 
    0.4131302833557129, 
    0.26951462030410767, 
    0.30794140696525574, 
    0.30081743001937866, 
    0.2388714700937271, 
    0.30792519450187683, 
    0.29688701033592224, 
    0.3373258411884308, 
    0.442533940076828, 
    0.2905268371105194, 
    0.4749622344970703, 
    0.3328479528427124, 
    0.3042859733104706, 
    0.3369179666042328, 
    0.271405428647995, 
    0.297357439994812, 
    0.27793219685554504, 
    0.5485758781433105, 
    0.33590155839920044, 
    0.30230334401130676, 
    0.25654861330986023, 
    0.33931490778923035, 
    0.4696007966995239, 
    0.29362213611602783, 
    0.25024133920669556, 
    0.43877050280570984, 
    0.24008458852767944, 
    0.33428946137428284, 
    0.25280389189720154, 
    0.31231629848480225, 
    0.5167179107666016, 
    0.22780948877334595, 
    0.27521172165870667, 
    0.4072335958480835, 
    0.38997510075569153, 
    0.24902240931987762, 
    0.36775463819503784, 
    0.31888848543167114, 
    0.437480628490448, 
    0.341839462518692, 
    0.3251239061355591, 
    0.31068912148475647, 
    0.3086141049861908, 
    0.3949550986289978, 
    0.27102386951446533, 
    0.3329666554927826, 
    0.2602913975715637, 
    0.38395100831985474, 
    0.3523554801940918, 
    0.4588105380535126, 
    0.33090418577194214, 
    0.31784266233444214, 
    0.27096810936927795, 
    0.3748292624950409, 
    0.397266685962677, 
    0.3060383200645447, 
    0.31348761916160583, 
    0.2963879406452179, 
    0.29391810297966003, 
    0.2913268506526947, 
    0.2417614609003067, 
    0.35843250155448914, 
    0.3068210184574127, 
    0.3148998022079468, 
    0.4071468710899353, 
    0.29912811517715454, 
    0.2997186481952667, 
    0.2978236973285675, 
    0.433000773191452, 
    0.5216974020004272, 
    0.22957195341587067, 
    0.461658239364624, 
    0.4210641384124756, 
    0.3378700017929077, 
    0.3939664661884308, 
    0.35471004247665405, 
    0.39861974120140076, 
    0.2734220325946808, 
    0.32074740529060364, 
    0.31096166372299194, 
    0.2918250560760498, 
    0.4568328559398651, 
    0.27175605297088623, 
    0.030195584520697594, 
    0.5865159630775452, 
    0.39170345664024353, 
    0.23723506927490234, 
    0.29256463050842285, 
    0.29606685042381287, 
    0.36154302954673767, 
    0.3543130159378052, 
    0.25415393710136414, 
    0.31803229451179504, 
    0.2682567536830902, 
    0.2756807804107666, 
    0.33880725502967834, 
    0.5162253379821777, 
    0.33149993419647217, 
    0.30781319737434387, 
    0.3453623354434967, 
    0.33156445622444153, 
    0.31117990612983704, 
    0.3469146490097046, 
    0.4215778708457947, 
    0.2987837791442871, 
    0.2649146318435669, 
    0.314907044172287, 
    0.3336118459701538, 
    0.48505544662475586, 
    0.5096876621246338, 
    0.31392917037010193, 
    0.5809138417243958, 
    0.3808154761791229, 
    0.3346266746520996, 
    0.3447420597076416, 
    0.2943134605884552, 
    0.34462040662765503, 
    0.2730581760406494, 
    0.3200373351573944, 
    0.41053542494773865, 
    0.3217372000217438, 
    0.3355821371078491, 
    0.45838823914527893, 
    0.30919721722602844, 
    0.3271228075027466, 
    0.3223087787628174, 
    0.3635176420211792, 
    0.3211996555328369, 
    0.3353572487831116, 
    0.3142070770263672, 
    0.3995644748210907, 
    0.3069576323032379, 
    0.3034270405769348, 
    0.2578525245189667, 
    0.2603135108947754, 
    0.31409209966659546, 
    0.32827290892601013, 
    0.3031456470489502, 
    0.2889803647994995, 
    0.2544618248939514, 
    0.012389326468110085, 
    0.3088209331035614, 
    0.2944749891757965, 
    0.3783283233642578, 
    0.3194159269332886, 
    0.28436148166656494, 
    0.2549368739128113, 
    0.36088088154792786, 
    0.45403847098350525, 
    0.3039616644382477, 
    0.4966362714767456, 
    0.3772936761379242, 
    0.5020051598548889, 
    0.2585662603378296, 
    0.3106350898742676, 
    0.2673673629760742, 
    0.4711633324623108, 
    0.29888057708740234, 
    0.3260946571826935, 
    0.36698853969573975, 
    0.38565632700920105, 
    0.2864580452442169, 
    0.27500924468040466, 
    0.3796710669994354, 
    0.2637953460216522, 
    0.408232182264328, 
    0.2629011869430542, 
    0.2560892701148987, 
    0.33319297432899475, 
    0.35126960277557373, 
    0.28694432973861694, 
    0.5118104219436646, 
    0.2800110876560211, 
    0.4040735363960266, 
    0.3873763382434845, 
    0.3109191358089447, 
    0.6255822777748108, 
    0.26877322793006897, 
    0.29146808385849, 
    0.24428369104862213, 
    0.28412926197052, 
    0.42089366912841797, 
    0.30555978417396545, 
    0.3131959140300751, 
    0.30707091093063354, 
    0.2726437747478485, 
    0.25041717290878296, 
    0.22996170818805695, 
    0.38210323452949524, 
    0.30610185861587524, 
    0.32203102111816406, 
    0.40758442878723145, 
    0.3422028720378876, 
    0.42877277731895447, 
    0.2738960087299347, 
    0.2907009720802307, 
    0.3958433270454407, 
    0.26364198327064514, 
    0.2830459177494049, 
    0.28949692845344543, 
    0.3376278281211853, 
    0.25104519724845886, 
    0.3055955469608307, 
    0.5673409700393677, 
    0.29426097869873047, 
    0.6541280746459961, 
    0.3655046224594116, 
    0.3640769124031067, 
    0.39500924944877625, 
    0.3975001871585846, 
    0.3465399742126465, 
    0.3514226973056793, 
    0.39024850726127625, 
    0.520326554775238, 
    0.2549991011619568, 
    0.2678072154521942, 
    0.40949490666389465, 
    0.36217015981674194, 
    0.29993730783462524, 
    0.4298192262649536, 
    0.3297252953052521, 
    0.40386247634887695, 
    0.3017731308937073, 
    0.37659895420074463, 
    0.3179037570953369, 
    0.5431637167930603, 
    0.407725065946579, 
    0.6196328997612, 
    0.6678999662399292, 
    0.3720657229423523, 
    0.2853708565235138, 
    0.3379550278186798, 
    0.4044574201107025, 
    0.3155083656311035, 
    0.3341139853000641, 
    0.3114227056503296, 
    0.2685885429382324, 
    0.527947723865509, 
    0.3429605960845947, 
    0.4061838984489441, 
    0.41231149435043335, 
    0.4518350660800934, 
    0.33771812915802, 
    0.46486783027648926, 
    0.3793216347694397, 
    0.26090627908706665, 
    0.5267069339752197, 
    0.32312771677970886, 
    0.3066363036632538, 
    0.30929556488990784, 
    0.25847572088241577, 
    0.3285546898841858, 
    0.3211902379989624, 
    0.2765411138534546, 
    0.49407315254211426, 
    0.29032135009765625, 
    0.2292642444372177, 
    0.43160581588745117, 
    0.2839122414588928, 
    0.2889457643032074, 
    0.3543224036693573, 
    0.3310683071613312, 
    0.6943773031234741, 
    0.26267001032829285, 
    0.3356862962245941, 
    0.2983577847480774, 
    0.3029303252696991, 
    0.37032124400138855, 
    0.3446013033390045, 
    0.4218444228172302, 
    0.37424996495246887, 
    0.32779794931411743, 
    0.3646068274974823, 
    0.3627028465270996, 
    0.2546004056930542, 
    0.2633354663848877, 
    0.41193509101867676, 
    0.4561690390110016, 
    0.3215979337692261, 
    0.310749888420105, 
    0.34657415747642517, 
    0.24506452679634094, 
    0.2726495862007141, 
    0.3376331925392151, 
    0.2861787676811218, 
    0.2523047626018524, 
    0.24015139043331146, 
    0.42990145087242126, 
    0.48123347759246826, 
    0.33794939517974854, 
    0.2605724036693573, 
    0.2781570851802826, 
    0.3318686783313751, 
    0.33497706055641174, 
    0.36299800872802734, 
    0.2457703799009323, 
    0.41151872277259827, 
    0.33708855509757996, 
    0.38915517926216125, 
    0.38542526960372925, 
    0.27748921513557434, 
    0.3533375561237335, 
    0.27822357416152954, 
    0.45814448595046997, 
    0.37050193548202515, 
    0.3656195402145386, 
    0.3542514145374298, 
    0.3598062992095947, 
    0.28284820914268494, 
    0.30060654878616333, 
    0.287639856338501, 
    0.3291785717010498, 
    0.5132914781570435, 
    0.2893243134021759, 
    0.2780086398124695, 
    0.377652645111084, 
    0.2864077091217041, 
    0.2515755891799927, 
    0.27054768800735474, 
    0.39206013083457947, 
    0.4013933837413788, 
    0.27562618255615234, 
    0.4470258355140686, 
    0.35630300641059875, 
    0.2707221806049347, 
    0.2738302946090698, 
    0.36345741152763367, 
    0.3056267499923706, 
    0.4448442757129669, 
    0.2869439423084259, 
    0.31645387411117554, 
    0.3511475920677185, 
    0.26104122400283813, 
    0.24568666517734528, 
    0.43074357509613037, 
    0.29867008328437805, 
    0.27990686893463135, 
    0.5096683502197266, 
    0.3539476990699768, 
    0.21331074833869934, 
    0.32853972911834717, 
    0.28731948137283325, 
    0.31389081478118896, 
    0.30551251769065857, 
    0.3691733777523041, 
    0.28557392954826355, 
    0.38834303617477417, 
    0.3452208638191223, 
    0.3331693112850189, 
    0.4611186385154724, 
    0.41329124569892883, 
    0.5681926608085632, 
    0.27257391810417175, 
    0.324020653963089, 
    0.23084339499473572, 
    0.411139577627182, 
    0.27763471007347107, 
    0.36211562156677246, 
    0.3609651029109955, 
    0.4392891824245453, 
    0.27305591106414795, 
    0.3297331929206848, 
    0.3236040771007538, 
    0.24948634207248688, 
    0.24130956828594208, 
    0.33826154470443726, 
    0.7062681913375854, 
    0.24862225353717804, 
    0.2874104082584381, 
    0.35291391611099243, 
    0.36959007382392883
]