[
    0.33208709955215454, 
    0.11251979321241379, 
    0.3124866783618927, 
    0.4341992437839508, 
    0.3368680477142334, 
    0.33067721128463745, 
    0.4262537956237793, 
    0.3326502740383148, 
    -0.001877703471109271, 
    0.3591231107711792, 
    0.13465075194835663, 
    0.39762943983078003, 
    0.11646470427513123, 
    0.33989328145980835, 
    0.2936537563800812, 
    0.3283662497997284, 
    0.1585227996110916, 
    0.23006990551948547, 
    0.3125411868095398, 
    0.3173886835575104, 
    0.3295860290527344, 
    0.1959681659936905, 
    0.39970487356185913, 
    0.25194087624549866, 
    0.4064156115055084, 
    0.25966742634773254, 
    0.16675376892089844, 
    0.3151695430278778, 
    0.372322678565979, 
    0.4188224971294403, 
    0.41323110461235046, 
    0.3381705582141876, 
    0.139840230345726, 
    0.45638614892959595, 
    0.4503530263900757, 
    0.32479947805404663, 
    0.4468117356300354, 
    0.32807913422584534, 
    0.1738419085741043, 
    0.12096282094717026, 
    0.14035941660404205, 
    0.24100780487060547, 
    0.36713483929634094, 
    0.3261318802833557, 
    0.37981197237968445, 
    0.20043525099754333, 
    0.3676631450653076, 
    0.34390759468078613, 
    0.4313713610172272, 
    0.46699047088623047, 
    0.148768812417984, 
    0.3542517423629761, 
    0.1922318935394287, 
    0.28576886653900146, 
    0.28810831904411316, 
    0.24790404736995697, 
    0.3338053226470947, 
    0.3059549629688263, 
    0.32463008165359497, 
    0.27448660135269165, 
    0.1992352455854416, 
    0.37090781331062317, 
    0.36616337299346924, 
    0.31313857436180115, 
    0.33654800057411194, 
    0.3076171875, 
    0.1463540643453598, 
    0.16152359545230865, 
    0.21288229525089264, 
    0.2883199155330658, 
    0.40219104290008545, 
    0.352124959230423, 
    0.35639241337776184, 
    0.27452516555786133, 
    0.4305039942264557, 
    0.4241383373737335, 
    0.34361881017684937, 
    0.3140602707862854, 
    0.30309948325157166, 
    0.13793256878852844, 
    0.3715399503707886, 
    0.4176049530506134, 
    0.15556542575359344, 
    0.15472500026226044, 
    0.24201904237270355, 
    0.3612965941429138, 
    0.3268095850944519, 
    0.3093321919441223, 
    0.346966028213501, 
    0.25819432735443115, 
    0.32639649510383606, 
    0.12902961671352386, 
    0.4687879681587219, 
    0.003440333530306816, 
    0.39280077815055847, 
    0.36766836047172546, 
    0.31429731845855713, 
    0.20228071510791779, 
    0.34106892347335815, 
    0.33959609270095825, 
    0.32246389985084534, 
    0.3822958767414093, 
    0.26561832427978516, 
    0.13197967410087585, 
    0.27427801489830017, 
    0.1358434557914734, 
    0.35196995735168457, 
    0.1653481125831604, 
    0.3163655698299408, 
    0.37476155161857605, 
    0.3207997679710388, 
    0.3116898238658905, 
    0.4316064119338989, 
    0.2668241858482361, 
    0.19286853075027466, 
    0.22615540027618408, 
    -5.2586441597668454e-05, 
    0.2706654667854309, 
    0.26511797308921814, 
    0.27128034830093384, 
    -0.0036239090841263533, 
    0.3197803795337677, 
    0.4276480972766876, 
    0.429699182510376, 
    0.16438236832618713, 
    0.14460070431232452, 
    0.15545903146266937, 
    0.31782853603363037, 
    0.3606868088245392, 
    0.30434292554855347, 
    0.17966434359550476, 
    0.3167349696159363, 
    0.500149130821228, 
    0.24381554126739502, 
    0.27436745166778564, 
    0.31870901584625244, 
    0.3395487666130066, 
    0.2049190253019333, 
    0.315339058637619, 
    0.36024656891822815, 
    0.17508411407470703, 
    0.44149282574653625, 
    0.34075599908828735, 
    0.2926284968852997, 
    0.2929990887641907, 
    0.3270878791809082, 
    0.27639877796173096, 
    0.30653679370880127, 
    0.4158782958984375, 
    0.3660927712917328, 
    0.23203809559345245, 
    0.3937925398349762, 
    0.3009722828865051, 
    0.3405008018016815, 
    0.4103216826915741, 
    0.11368215829133987, 
    0.15088701248168945, 
    0.15002773702144623, 
    0.22308291494846344, 
    0.35977572202682495, 
    0.20010289549827576, 
    0.33088502287864685, 
    0.19259034097194672, 
    0.23151759803295135, 
    0.325624018907547, 
    0.3855908513069153, 
    0.35885754227638245, 
    0.37089571356773376, 
    0.26901212334632874, 
    0.2798196077346802, 
    0.3613136410713196, 
    0.3958835005760193, 
    0.47500374913215637, 
    0.38241666555404663, 
    0.37814995646476746, 
    0.14771997928619385, 
    0.10707031935453415, 
    0.3453461825847626, 
    0.24516938626766205, 
    0.3147765100002289, 
    0.16985750198364258, 
    0.31827226281166077, 
    0.29457369446754456, 
    0.3263587951660156, 
    0.20744745433330536, 
    0.27407434582710266, 
    0.2348177134990692, 
    0.3311479389667511, 
    0.2576376795768738, 
    0.20096829533576965, 
    0.2536165118217468, 
    0.17069141566753387, 
    0.4143218398094177, 
    0.1509883999824524, 
    0.3484784960746765, 
    0.18846893310546875, 
    0.3646761178970337, 
    0.11858256906270981, 
    0.4829198718070984, 
    0.15601885318756104, 
    0.40090569853782654, 
    0.2845175862312317, 
    0.3383013606071472, 
    0.2696146070957184, 
    0.24798114597797394, 
    0.1949319690465927, 
    0.3687950372695923, 
    0.35076478123664856, 
    0.23652228713035583, 
    0.43868565559387207, 
    0.1279706209897995, 
    0.17444069683551788, 
    0.3158046007156372, 
    0.12190831452608109, 
    0.3160678744316101, 
    0.35273581743240356, 
    0.4016553461551666, 
    0.30251026153564453, 
    0.3804332911968231, 
    0.18426963686943054, 
    0.34958043694496155, 
    0.4036598801612854, 
    0.21104523539543152, 
    0.4361708164215088, 
    0.18386322259902954, 
    0.2979479432106018, 
    0.26305124163627625, 
    0.3470248281955719, 
    0.2712136209011078, 
    0.21319018304347992, 
    0.4456862509250641, 
    0.24121709167957306, 
    0.3141821622848511, 
    0.3773784339427948, 
    0.30166175961494446, 
    0.38527148962020874, 
    0.2123432457447052, 
    0.42476651072502136, 
    0.3648107349872589, 
    0.3141878843307495, 
    0.12329839915037155, 
    0.33200228214263916, 
    0.22365660965442657, 
    0.1686411052942276, 
    0.26938676834106445, 
    0.18799208104610443, 
    0.2718791663646698, 
    0.22788375616073608, 
    0.2550336718559265, 
    0.32478609681129456, 
    0.0067194364964962006, 
    0.3524326980113983, 
    0.14793452620506287, 
    0.34553608298301697, 
    0.29794830083847046, 
    0.14674817025661469
]