[
    0.4157944619655609, 
    -0.13378478586673737, 
    0.13503703474998474, 
    0.3997155427932739, 
    -0.35404229164123535, 
    0.4217555820941925, 
    -0.08864745497703552, 
    0.019356565549969673, 
    -0.07173020392656326, 
    -0.23585684597492218, 
    0.08125872910022736, 
    0.09861449152231216, 
    0.2798022925853729, 
    -0.1523221731185913, 
    -0.10048912465572357, 
    -0.20349256694316864, 
    0.0050611337646842, 
    -0.049105990678071976, 
    -0.01125825010240078, 
    0.10296565294265747, 
    -0.033975839614868164, 
    -0.014025991782546043, 
    0.30057772994041443, 
    -0.12433753162622452, 
    0.4324655830860138, 
    -0.068087138235569, 
    -0.32206428050994873, 
    0.4758448302745819, 
    0.5552570819854736, 
    0.23360420763492584, 
    0.029914874583482742, 
    0.3633517622947693, 
    -0.09312345087528229, 
    -0.07686875760555267, 
    0.09130514413118362, 
    -0.068148173391819, 
    0.10443664342164993, 
    0.21421349048614502, 
    0.1649741381406784, 
    -0.13852180540561676, 
    0.2681659162044525, 
    0.01549337524920702, 
    0.924698531627655, 
    0.04551777243614197, 
    0.13095153868198395, 
    0.034072671085596085, 
    0.23858727514743805, 
    0.09806976467370987, 
    0.11094275861978531, 
    0.41700440645217896, 
    -0.026153530925512314, 
    0.05443583428859711, 
    -0.24455980956554413, 
    0.07859735190868378, 
    0.5459662675857544, 
    0.5107735395431519, 
    0.28681492805480957, 
    0.14255253970623016, 
    0.13948310911655426, 
    0.2558785080909729, 
    -0.06253199279308319, 
    -0.2513834536075592, 
    0.38902008533477783, 
    -0.011379888281226158, 
    0.03402867168188095, 
    0.5477504730224609, 
    0.014689232222735882, 
    0.1132429987192154, 
    0.11967556923627853, 
    -0.26551541686058044, 
    0.09977447241544724, 
    0.5795961618423462, 
    0.44876477122306824, 
    -0.0697658509016037, 
    0.0970977172255516, 
    -0.17124471068382263, 
    0.15324629843235016, 
    0.04857796058058739, 
    -0.1217685118317604, 
    0.11108136922121048, 
    0.10392830520868301, 
    0.06212817132472992, 
    -0.07753994315862656, 
    0.4485478401184082, 
    0.5001176595687866, 
    0.4831223785877228, 
    -0.0539720244705677, 
    0.039863988757133484, 
    0.13412638008594513, 
    -0.0646047592163086, 
    0.09924023598432541, 
    0.019683491438627243, 
    0.14039750397205353, 
    0.08000366389751434, 
    0.3109095096588135, 
    -0.04384463280439377, 
    -0.31692883372306824, 
    0.45950475335121155, 
    0.1669265180826187, 
    0.053748805075883865, 
    -0.23323512077331543, 
    -0.05679585412144661, 
    -0.06575579941272736, 
    -0.0478116050362587, 
    0.133195698261261, 
    -0.15014466643333435, 
    -0.14273537695407867, 
    -0.06524243950843811, 
    0.1900947093963623, 
    -0.07092545181512833, 
    0.47637200355529785, 
    -0.0034661658573895693, 
    0.1899876445531845, 
    0.045418281108140945, 
    0.3052206039428711, 
    -0.2124735713005066, 
    -0.04950152710080147, 
    0.5727298855781555, 
    -0.17471985518932343, 
    0.059921953827142715, 
    0.4611559510231018, 
    0.08153016865253448, 
    0.26421451568603516, 
    -0.007687107194215059, 
    0.01596747152507305, 
    -0.08381322026252747, 
    -0.10195676982402802, 
    0.4147093594074249, 
    -0.16101443767547607, 
    0.0354587584733963, 
    0.020007045939564705, 
    0.5379160046577454, 
    0.2373955100774765, 
    0.6164760589599609, 
    -0.6675657033920288, 
    0.052586060017347336, 
    0.07997448742389679, 
    0.4329621195793152, 
    0.447301983833313, 
    -0.48038679361343384, 
    -0.014351045712828636, 
    -0.21028339862823486, 
    -0.0039228894747793674, 
    -0.08437706530094147, 
    0.08809751272201538, 
    0.4603724479675293, 
    -0.03638437017798424, 
    0.03905647620558739, 
    0.010662113316357136, 
    -0.018144473433494568, 
    0.42786505818367004, 
    0.38564249873161316, 
    -0.3460753560066223, 
    0.020237624645233154, 
    0.4447387456893921, 
    0.07993341982364655, 
    -0.050017163157463074, 
    0.2550947070121765, 
    -0.02029886469244957, 
    0.42933371663093567, 
    -0.001054231426678598, 
    -0.04691743850708008, 
    -0.06243346631526947, 
    0.04627148061990738, 
    -0.11159719526767731, 
    -0.049199823290109634, 
    0.44629889726638794, 
    0.07149823755025864, 
    -0.28701576590538025, 
    -0.07673156261444092, 
    0.07807698845863342, 
    0.3165558874607086, 
    0.6278032660484314, 
    0.16038459539413452, 
    0.0026781896594911814, 
    -0.22240081429481506, 
    0.5631452202796936, 
    0.26026463508605957, 
    0.2764101028442383, 
    0.030797692015767097, 
    0.11283279210329056, 
    0.2828209102153778, 
    0.4764420688152313, 
    0.3051578104496002, 
    0.022246968001127243, 
    0.32605987787246704, 
    0.5637176632881165, 
    -0.38591018319129944, 
    0.0037233633920550346, 
    0.09577390551567078, 
    0.03906530141830444, 
    0.1837090253829956, 
    0.3639066815376282, 
    0.048203591257333755, 
    0.05275709554553032, 
    0.04188482463359833, 
    0.03772471100091934, 
    -0.37221622467041016, 
    0.6459383368492126, 
    0.02205752208828926, 
    0.2710723280906677, 
    -0.19337278604507446, 
    0.05976155027747154, 
    -0.19530948996543884, 
    0.5350199341773987, 
    0.6041642427444458, 
    0.05728456377983093, 
    -0.1246422752737999, 
    0.43170416355133057, 
    -0.09922809153795242, 
    0.24969835579395294, 
    0.33148983120918274, 
    0.39260977506637573, 
    -0.2785781919956207, 
    0.0010113592725247145, 
    -0.05353201553225517, 
    -0.011193233542144299, 
    -0.06451130658388138, 
    0.05167379230260849, 
    0.520833432674408, 
    0.5361677408218384, 
    0.3552792966365814, 
    -0.16294996440410614, 
    0.21807602047920227, 
    0.383978933095932, 
    0.5593308806419373, 
    0.08890432864427567, 
    0.24654226005077362, 
    -0.03219642862677574, 
    0.3977508842945099, 
    0.10485374182462692, 
    0.2561338543891907, 
    -0.007852832786738873, 
    -0.028885947540402412, 
    0.02390887774527073, 
    0.4893866777420044, 
    0.37217071652412415, 
    -0.3289620876312256, 
    0.05078062042593956, 
    -0.0004424894868861884, 
    0.06131495162844658, 
    0.1529647707939148, 
    0.04260522872209549, 
    -0.030383668839931488, 
    0.322613388299942, 
    -0.030453620478510857, 
    0.5075151920318604, 
    -0.1423579752445221, 
    0.817234218120575, 
    0.24056267738342285, 
    0.19216980040073395, 
    0.15994425117969513, 
    0.2288559377193451, 
    0.101761594414711, 
    0.21955639123916626, 
    0.11031205952167511, 
    -0.0015185941010713577, 
    0.002460671588778496, 
    0.3924613296985626, 
    -0.15000580251216888, 
    0.05719603970646858, 
    -0.08447197079658508, 
    -0.1613391488790512, 
    0.4495971202850342, 
    0.0017469304148107767, 
    0.10205328464508057, 
    -0.037191472947597504, 
    0.0807751938700676, 
    0.37397533655166626, 
    0.030986834317445755, 
    0.11480062454938889, 
    0.12391696125268936, 
    0.5140469074249268, 
    0.09159093350172043, 
    0.33916404843330383, 
    -0.046689797192811966, 
    -0.07541549950838089, 
    -0.07886381447315216, 
    0.0740419551730156, 
    0.5703350901603699, 
    0.18140240013599396, 
    -0.1851079910993576, 
    -0.07628144323825836, 
    -0.006083925720304251, 
    -0.12989374995231628, 
    0.34658005833625793, 
    0.10083673149347305, 
    -0.0415911003947258, 
    0.18976518511772156, 
    -0.02476624958217144, 
    0.47397083044052124, 
    0.11492091417312622, 
    0.15893672406673431, 
    0.10535292327404022, 
    0.10543861240148544, 
    0.10849418491125107, 
    0.31544381380081177, 
    0.11648716777563095, 
    0.3939467668533325, 
    0.09368687123060226, 
    0.5796011090278625, 
    0.16347189247608185, 
    0.9778264164924622, 
    -0.1898377537727356, 
    0.27331408858299255, 
    0.44823431968688965, 
    0.0013478308683261275, 
    -0.07859393209218979, 
    0.4529557526111603, 
    0.3774026930332184, 
    -0.08007943630218506, 
    -0.06888413429260254, 
    0.06205300614237785, 
    0.7421485781669617, 
    -0.1190277487039566, 
    -0.005234493408352137, 
    -0.15212710201740265, 
    0.0248259250074625, 
    0.007551610004156828, 
    0.3086938261985779, 
    0.45163723826408386, 
    0.18254530429840088, 
    -0.03456313908100128, 
    -0.009076695889234543, 
    0.43591299653053284, 
    0.0029151581693440676, 
    -0.12990742921829224, 
    -0.13090826570987701, 
    -0.3240293860435486, 
    0.42091912031173706, 
    0.1010684072971344, 
    0.2197336107492447, 
    0.4379461109638214, 
    0.04486638307571411, 
    0.029954370111227036, 
    -0.07634010165929794, 
    0.19387584924697876, 
    0.2052294909954071, 
    0.0740189328789711, 
    0.3786512613296509, 
    0.30508992075920105, 
    0.07240748405456543, 
    0.12908929586410522, 
    0.6229188442230225, 
    0.2554187774658203, 
    -0.019078608602285385, 
    0.4580896496772766, 
    0.06916337460279465, 
    0.0542745366692543, 
    0.022967258468270302, 
    -0.08609285950660706, 
    -0.014260790310800076, 
    0.018971014767885208, 
    -0.09768804907798767, 
    0.44234535098075867, 
    0.3514310419559479, 
    0.00038666045293211937, 
    0.11607498675584793, 
    -0.16629406809806824, 
    0.09742787480354309, 
    0.04510116204619408, 
    -0.2509894371032715, 
    -0.1969284564256668, 
    0.027073901146650314, 
    0.010613908059895039, 
    0.06734476238489151, 
    0.0529484897851944, 
    0.40041384100914, 
    -0.04799355939030647, 
    0.029754746705293655, 
    -0.16482539474964142, 
    -0.04694372043013573, 
    -0.21205194294452667, 
    0.39732006192207336, 
    0.1500878483057022, 
    0.5247267484664917, 
    -0.021543288603425026, 
    0.08697780221700668, 
    0.23121757805347443, 
    0.05984155088663101, 
    -0.26747608184814453, 
    0.04521581158041954, 
    0.45916107296943665, 
    0.10123168677091599, 
    0.05920512601733208, 
    -0.1413513869047165, 
    0.04118877649307251, 
    -0.005617596674710512, 
    -0.20905888080596924, 
    0.06070476397871971, 
    0.12832310795783997, 
    0.29345208406448364, 
    0.020616134628653526, 
    0.40914681553840637, 
    -0.07886452227830887, 
    0.11633169651031494, 
    0.06126429885625839, 
    0.13103044033050537, 
    -0.046411145478487015, 
    0.2948678731918335, 
    -0.1155819222331047, 
    -0.15709015727043152, 
    0.12461107969284058, 
    0.356489896774292, 
    0.08257487416267395, 
    0.5985409617424011, 
    0.08530290424823761, 
    -0.038686882704496384, 
    0.10980716347694397, 
    0.11596637964248657, 
    0.393335223197937, 
    0.49673184752464294, 
    0.03377325460314751, 
    -0.6479150056838989, 
    0.02975413203239441, 
    0.2392670214176178, 
    -0.29835593700408936, 
    -0.16043198108673096, 
    0.6022011041641235, 
    0.25037962198257446, 
    -0.13826234638690948, 
    0.04408862814307213, 
    0.2819972634315491, 
    -0.08223392069339752, 
    0.06817231327295303, 
    -0.03819020465016365, 
    -0.08554267138242722, 
    0.3490883708000183, 
    0.08921676874160767, 
    0.19557790458202362, 
    0.5101306438446045, 
    0.07333221286535263, 
    0.5415304899215698, 
    0.0940679982304573, 
    -0.07791188359260559, 
    0.11851958930492401, 
    -0.236876979470253, 
    -0.032141562551259995, 
    0.06095380708575249, 
    0.4884895384311676, 
    -0.06941315531730652, 
    0.4966382682323456, 
    0.3801653981208801, 
    0.4589100480079651, 
    -0.03524192050099373, 
    0.4586799144744873, 
    -0.05733908340334892, 
    -0.05795799195766449, 
    0.1925431787967682, 
    -0.10467943549156189, 
    0.392798513174057, 
    0.025753706693649292, 
    -0.17887592315673828, 
    0.47190630435943604, 
    0.431041419506073, 
    0.34543827176094055, 
    0.19214193522930145, 
    0.11086399108171463, 
    -0.14784538745880127, 
    0.023953570052981377, 
    0.08173871785402298, 
    -0.06833136826753616, 
    0.04873001202940941, 
    -0.019677909091114998, 
    0.075404092669487, 
    0.06922268122434616, 
    0.1281375288963318, 
    0.30507344007492065, 
    0.14442743360996246, 
    -0.027108127251267433, 
    -0.020688822492957115, 
    0.0059705073945224285, 
    -0.06973043829202652, 
    0.12060880661010742, 
    0.13212308287620544, 
    0.12260844558477402, 
    0.17373241484165192, 
    0.03510446473956108, 
    0.6197357773780823, 
    0.09659874439239502, 
    0.013243726454675198, 
    0.5930781364440918, 
    -0.13159668445587158, 
    0.09633226692676544, 
    0.3387354910373688, 
    -0.26135170459747314, 
    0.2059076726436615, 
    0.10089603811502457, 
    0.22642362117767334, 
    -0.21321499347686768, 
    0.30129072070121765, 
    -0.2991166114807129, 
    0.1062188595533371, 
    0.1198752373456955, 
    0.0802050307393074, 
    0.27531495690345764, 
    0.1788131296634674, 
    -0.047849565744400024, 
    -0.01798107475042343, 
    -0.180930033326149, 
    -0.10957159847021103, 
    0.09205970168113708, 
    0.271975040435791, 
    -0.05986158922314644, 
    0.01098745409399271, 
    -0.22513337433338165, 
    0.032792169600725174, 
    0.3475112318992615, 
    0.13867968320846558, 
    -0.09960434585809708, 
    -0.030176928266882896, 
    -0.3424733281135559
]