[
    0.1461121141910553, 
    0.2880684435367584, 
    0.1481224149465561, 
    0.09549590200185776, 
    -0.03311203792691231, 
    0.20100562274456024, 
    -0.05258709937334061, 
    -0.04697325453162193, 
    -0.19552159309387207, 
    -0.06949475407600403, 
    0.03225148096680641, 
    0.40147900581359863, 
    -0.17581896483898163, 
    -0.012337997555732727, 
    0.015420903451740742, 
    -0.08363290131092072, 
    -0.04645928740501404, 
    0.250983864068985, 
    -0.07598602771759033, 
    -0.010379205457866192, 
    -0.04058340936899185, 
    -0.05162431672215462, 
    0.14709767699241638, 
    -0.19875620305538177, 
    0.1696965992450714, 
    -0.0858142152428627, 
    0.32160645723342896, 
    0.1088254302740097, 
    0.19864073395729065, 
    0.10081923753023148, 
    0.16867904365062714, 
    0.16372105479240417, 
    0.04986465349793434, 
    -0.1807464063167572, 
    -0.16605280339717865, 
    -0.005904426798224449, 
    0.032337017357349396, 
    0.22103826701641083, 
    0.1298695057630539, 
    0.1116846576333046, 
    -0.10164455324411392, 
    0.010833196341991425, 
    0.3315878212451935, 
    -0.09690313041210175, 
    -0.1752830296754837, 
    0.025854211300611496, 
    0.16766797006130219, 
    0.070377416908741, 
    0.0339822880923748, 
    0.07684142887592316, 
    -0.2037065625190735, 
    0.037997085601091385, 
    -0.18226993083953857, 
    0.14730818569660187, 
    0.025517337024211884, 
    0.21071985363960266, 
    -0.07838558405637741, 
    0.07371428608894348, 
    0.04225001484155655, 
    -0.09390208125114441, 
    -0.12450817227363586, 
    -0.3705900311470032, 
    0.21960678696632385, 
    -0.10173910856246948, 
    -0.11372458189725876, 
    0.18848009407520294, 
    0.18490809202194214, 
    0.01846339926123619, 
    -0.07457944005727768, 
    -0.19401371479034424, 
    -0.015510751865804195, 
    0.2237851619720459, 
    0.07013454288244247, 
    0.043838053941726685, 
    -0.008780311793088913, 
    -0.14345501363277435, 
    -0.05773167312145233, 
    0.09541413933038712, 
    -0.192474827170372, 
    0.046384382992982864, 
    -0.14656692743301392, 
    -0.2311207503080368, 
    -0.24488116800785065, 
    -0.05233185738325119, 
    -0.11011894047260284, 
    0.046543531119823456, 
    -0.0370357446372509, 
    0.018508514389395714, 
    -0.11908561736345291, 
    0.034679073840379715, 
    0.014597210101783276, 
    -0.06366494297981262, 
    -0.032145656645298004, 
    -0.15814700722694397, 
    -0.05210300534963608, 
    0.2472059726715088, 
    -0.19004808366298676, 
    -0.17786450684070587, 
    -0.05105866119265556, 
    0.258573979139328, 
    -0.0408409982919693, 
    -0.0771951973438263, 
    -0.011920658871531487, 
    0.07271112501621246, 
    -0.14095716178417206, 
    -0.13490939140319824, 
    -0.08283241093158722, 
    -0.040124744176864624, 
    -0.06136784702539444, 
    -0.1037537157535553, 
    0.12412513792514801, 
    0.03263799101114273, 
    0.005821071565151215, 
    -0.002493995940312743, 
    0.05577478185296059, 
    0.43581780791282654, 
    -0.02564443089067936, 
    0.272414892911911, 
    -0.18001025915145874, 
    -0.13742408156394958, 
    0.01412161160260439, 
    0.0366867259144783, 
    -0.060430120676755905, 
    0.12589754164218903, 
    -0.09141132235527039, 
    0.282244473695755, 
    -0.05421047657728195, 
    0.045661427080631256, 
    0.03359150514006615, 
    0.2307378351688385, 
    0.01150338165462017, 
    -0.007322536315768957, 
    0.09374085068702698, 
    -0.050865884870290756, 
    -0.3231743276119232, 
    -0.26041749119758606, 
    -0.12637704610824585, 
    0.0032552783377468586, 
    0.039193663746118546, 
    -0.42673155665397644, 
    -0.07208934426307678, 
    0.2593906819820404, 
    -0.04276294261217117, 
    -0.03316175937652588, 
    0.32782846689224243, 
    0.3018532991409302, 
    -0.07737260311841965, 
    -0.04586993157863617, 
    0.17691107094287872, 
    -0.088533915579319, 
    0.06364577263593674, 
    0.026421083137392998, 
    -0.023338215425610542, 
    -0.043932054191827774, 
    -0.10415428131818771, 
    -0.041154149919748306, 
    -0.1541750431060791, 
    -0.14960289001464844, 
    -0.18060888350009918, 
    0.19269266724586487, 
    -0.012444174848496914, 
    -0.07304567098617554, 
    -0.034175340086221695, 
    0.02211371436715126, 
    0.015683835372328758, 
    -0.2181093394756317, 
    -0.300552636384964, 
    -0.04184920713305473, 
    -0.25507473945617676, 
    -0.08386410027742386, 
    0.0770188719034195, 
    -0.07764647156000137, 
    0.09973600506782532, 
    0.03819652646780014, 
    -0.09474852681159973, 
    0.1965547353029251, 
    0.33001044392585754, 
    0.1947466880083084, 
    0.016348756849765778, 
    -0.007441825699061155, 
    -0.04867804795503616, 
    0.2544902563095093, 
    -0.055095430463552475, 
    0.15213678777217865, 
    -0.16998933255672455, 
    0.003609029809013009, 
    -0.02425568364560604, 
    -0.01621752604842186, 
    -0.18202655017375946, 
    0.023957235738635063, 
    -0.05628413334488869, 
    0.023789703845977783, 
    0.19614183902740479, 
    -0.063175268471241, 
    -0.010168083943426609, 
    -0.09432068467140198, 
    0.1254471093416214, 
    0.02254827879369259, 
    0.13765476644039154, 
    -0.09943179786205292, 
    0.20162543654441833, 
    -0.11885819584131241, 
    -0.059273723512887955, 
    -0.03811175748705864, 
    0.07109203934669495, 
    0.2438700646162033, 
    0.07513432204723358, 
    -0.1361795961856842, 
    -0.16148358583450317, 
    -0.08651380240917206, 
    -0.22085115313529968, 
    -0.1855330914258957, 
    -0.04577744007110596, 
    -0.07720980793237686, 
    -0.004233591724187136, 
    -0.1594756543636322, 
    0.12181957066059113, 
    -0.06613054871559143, 
    0.052889611572027206, 
    -0.13249318301677704, 
    -0.06521757692098618, 
    0.15389986336231232, 
    -0.25888001918792725, 
    0.15482434630393982, 
    0.31806516647338867, 
    -0.07143862545490265, 
    -0.011548381298780441, 
    0.1729336529970169, 
    -0.03474629670381546, 
    0.21280914545059204, 
    -0.05171961709856987, 
    0.22781379520893097, 
    -0.1991967260837555, 
    -0.040967512875795364, 
    -0.012126139365136623, 
    -0.012853546068072319, 
    0.16531400382518768, 
    0.03356092795729637, 
    -0.025015050545334816, 
    0.10772532224655151, 
    -0.15580140054225922, 
    0.2224423736333847, 
    -0.044937387108802795, 
    -0.07292933762073517, 
    0.12809142470359802, 
    -0.14467623829841614, 
    0.010281892493367195, 
    -0.1967039406299591, 
    0.23634672164916992, 
    0.13714441657066345, 
    0.25505322217941284, 
    0.15864624083042145, 
    0.10051129758358002, 
    -0.023005902767181396, 
    0.16541767120361328, 
    0.12170663475990295, 
    -0.04631762206554413, 
    -0.13444936275482178, 
    0.212732195854187, 
    -0.14674757421016693, 
    0.07615191489458084, 
    0.055630702525377274, 
    -0.1066916286945343, 
    -0.08529309928417206, 
    -0.052120424807071686, 
    -0.24365615844726562, 
    -0.09435465186834335, 
    -0.16495725512504578, 
    0.20328132808208466, 
    -0.1539420485496521, 
    -0.009227098897099495, 
    0.035722263157367706, 
    -0.0989886075258255, 
    0.003971346653997898, 
    0.010248346254229546, 
    -0.19325070083141327, 
    -0.1262064427137375, 
    -0.14764565229415894, 
    0.10007565468549728, 
    -0.13280951976776123, 
    0.03563379496335983, 
    0.1377974897623062, 
    -0.09539949893951416, 
    0.16914589703083038, 
    0.11315158009529114, 
    0.12907403707504272, 
    0.020088300108909607, 
    0.057705532759428024, 
    0.02351309172809124, 
    0.0017159957205876708, 
    0.1421971172094345, 
    0.04700595885515213, 
    0.06519768387079239, 
    0.03274273872375488, 
    -0.026171861216425896, 
    0.18515728414058685, 
    0.008515162393450737, 
    0.12111209332942963, 
    0.24480734765529633, 
    -0.0031368511263281107, 
    -0.11373794078826904, 
    -0.06271164864301682, 
    0.16092024743556976, 
    -0.047400690615177155, 
    0.0008459723321720958, 
    0.1440781056880951, 
    0.14513622224330902, 
    -0.06804361939430237, 
    0.0496198907494545, 
    0.024924296885728836, 
    -0.07084625214338303, 
    0.022559676319360733, 
    -0.07805699110031128, 
    0.037538520991802216, 
    -0.17249701917171478, 
    0.23039869964122772, 
    -0.2017088383436203, 
    0.031899865716695786, 
    -0.20258858799934387, 
    0.2754344940185547, 
    0.09719372540712357, 
    -0.02087671123445034, 
    -0.060094527900218964, 
    -0.0754520446062088, 
    0.2921735942363739, 
    -0.08379721641540527, 
    -0.20506122708320618, 
    0.03173632547259331, 
    -0.17363953590393066, 
    -0.08048076927661896, 
    0.011161979287862778, 
    -0.015278862789273262, 
    0.24581757187843323, 
    -0.09312763810157776, 
    -0.02216975949704647, 
    -0.05410951003432274, 
    0.19174744188785553, 
    0.13917100429534912, 
    0.24386893212795258, 
    0.2683160603046417, 
    0.16134671866893768, 
    -0.07595116645097733, 
    0.08421586453914642, 
    0.0394856296479702, 
    0.10807455331087112, 
    -0.11207114905118942, 
    0.2343469113111496, 
    -0.12974800169467926, 
    -0.11436814069747925, 
    -0.04694732651114464, 
    0.035499729216098785, 
    0.114609494805336, 
    -0.10030103474855423, 
    0.09743963927030563, 
    0.22091934084892273, 
    -0.0241584200412035, 
    -0.15317745506763458, 
    -0.09016912430524826, 
    -0.038260068744421005, 
    -0.09527929127216339, 
    -0.08089722692966461, 
    0.1806662529706955, 
    -0.12353996932506561, 
    -0.1294877827167511, 
    -0.01928100548684597, 
    -0.05690896138548851, 
    -0.08764742314815521, 
    0.2127322107553482, 
    -0.025360221043229103, 
    -0.01569570042192936, 
    -0.18529486656188965, 
    -0.1851823329925537, 
    -0.0963001400232315, 
    0.16197450459003448, 
    -0.0469469279050827, 
    0.033209070563316345, 
    0.001395591301843524, 
    0.3050890266895294, 
    0.2287902683019638, 
    -0.1404576450586319, 
    -0.007216579746454954, 
    -0.05462108179926872, 
    0.09728629142045975, 
    0.07288017868995667, 
    0.06936956197023392, 
    0.0749112144112587, 
    0.10371600091457367, 
    -0.022663449868559837, 
    0.16832463443279266, 
    0.377216100692749, 
    -0.10804493725299835, 
    0.24161189794540405, 
    0.2990172505378723, 
    0.09616123884916306, 
    0.04235239699482918, 
    -0.13040529191493988, 
    0.2370956689119339, 
    0.018609704449772835, 
    -0.10008776932954788, 
    -0.019009098410606384, 
    -0.2681241035461426, 
    -0.19986198842525482, 
    -0.045734040439128876, 
    0.08193192631006241, 
    0.06003759056329727, 
    -0.07761397957801819, 
    0.11871477216482162, 
    -0.1219719797372818, 
    0.11799974739551544, 
    -0.043805211782455444, 
    -0.010977674275636673, 
    0.09519615769386292, 
    -0.06273296475410461, 
    -0.2344537079334259, 
    -0.00343142612837255, 
    0.20682474970817566, 
    0.11385234445333481, 
    -0.11116357147693634, 
    0.030739063397049904, 
    0.14489203691482544, 
    -0.0395021066069603, 
    -0.2871621549129486, 
    -0.04723232239484787, 
    -0.07509169727563858, 
    0.13160273432731628, 
    -0.04248739406466484, 
    -0.011838066391646862, 
    0.0788881778717041, 
    0.021833263337612152, 
    0.17361143231391907, 
    0.18061122298240662, 
    -0.20890553295612335, 
    0.02747436985373497, 
    0.0033469172194600105, 
    -0.006238234229385853, 
    -0.10917964577674866, 
    -0.0754920095205307, 
    -0.03590523451566696, 
    0.17454560101032257, 
    -0.08259644359350204, 
    0.2103388011455536, 
    0.21310748159885406, 
    0.058495037257671356, 
    0.048814788460731506, 
    0.040240608155727386, 
    0.18945784866809845, 
    -0.12747320532798767, 
    -0.042425259947776794, 
    -0.03639475628733635, 
    0.25113290548324585, 
    0.20789261162281036, 
    -0.056510694324970245, 
    -0.04467582702636719, 
    0.027919303625822067, 
    0.19362366199493408, 
    0.020467286929488182, 
    0.07583469152450562, 
    0.32146725058555603, 
    -0.15986807644367218, 
    -0.1170879378914833, 
    0.0031896913424134254, 
    -0.07683759182691574, 
    0.1650317758321762, 
    -0.19183968007564545, 
    0.25457295775413513, 
    -0.3331633508205414, 
    0.09709636121988297, 
    0.24328197538852692, 
    -0.03368816152215004, 
    -0.032413382083177567, 
    -0.01388130895793438, 
    -0.08275774121284485, 
    0.14383640885353088, 
    0.12219901382923126, 
    0.024165600538253784, 
    0.05788792297244072, 
    0.29683467745780945, 
    -0.06725051999092102, 
    -0.0859309583902359, 
    0.03389262408018112, 
    -0.028045067563652992, 
    0.22102299332618713, 
    -0.13120496273040771, 
    0.02130402810871601, 
    0.27986741065979004, 
    0.31331539154052734, 
    0.22179970145225525, 
    0.13602164387702942, 
    0.02609933726489544, 
    -0.05333907529711723, 
    -0.2968332767486572, 
    -0.18169808387756348, 
    0.012534522451460361, 
    -0.14843355119228363, 
    -0.0035060804802924395, 
    0.07622203975915909, 
    -0.013557251542806625, 
    -0.04991842433810234, 
    -0.11512213200330734, 
    0.15622809529304504, 
    -0.1253061443567276, 
    -0.004551210440695286, 
    -0.4573385417461395, 
    -0.11753877252340317, 
    -0.1845318228006363, 
    -0.08810648322105408, 
    -0.016576021909713745, 
    0.16068315505981445, 
    0.14385327696800232, 
    -0.172678604722023, 
    -0.12992145121097565, 
    -0.18532903492450714
]