[
    0.08582019060850143, 
    1.1894192695617676, 
    0.3529743254184723, 
    0.16921767592430115, 
    0.4312395453453064, 
    0.1666572242975235, 
    0.7694027423858643, 
    0.24158987402915955, 
    0.28524303436279297, 
    0.34246325492858887, 
    -0.04835805669426918, 
    0.5269500613212585, 
    0.42515724897384644, 
    0.008616120554506779, 
    1.0994561910629272, 
    0.16488690674304962, 
    0.13345927000045776, 
    -0.06259699165821075, 
    0.1379760503768921, 
    0.6843608617782593, 
    1.123633861541748, 
    0.44961875677108765, 
    0.22713147103786469, 
    -0.004278111737221479, 
    0.23146936297416687, 
    0.5884200930595398, 
    0.018471941351890564, 
    0.14754505455493927, 
    0.19430284202098846, 
    -0.05582087114453316, 
    0.6864714026451111, 
    0.21480418741703033, 
    0.5686209797859192, 
    0.263654887676239, 
    0.2095678746700287, 
    0.7453957796096802, 
    0.13000480830669403, 
    0.18368874490261078, 
    -0.06901804357767105, 
    0.6347649097442627, 
    0.17517614364624023, 
    0.012278509326279163, 
    1.0386134386062622, 
    -0.260107159614563, 
    0.09952565282583237, 
    0.6910234689712524, 
    0.09455762803554535, 
    0.05006853863596916, 
    0.030080385506153107, 
    0.09200036525726318, 
    0.020999368280172348, 
    0.23466190695762634, 
    0.2284877747297287, 
    0.009359214454889297, 
    0.7116391062736511, 
    0.4505550265312195, 
    0.1677447110414505, 
    0.07933318614959717, 
    0.1715776026248932, 
    -0.03793202340602875, 
    0.04754636436700821, 
    0.23768366873264313, 
    0.4024448096752167, 
    -0.21864192187786102, 
    0.056918058544397354, 
    0.5997133255004883, 
    -0.03544001281261444, 
    0.2885296642780304, 
    -0.2169758528470993, 
    -0.01131434366106987, 
    0.29028457403182983, 
    0.8491120338439941, 
    0.06402000039815903, 
    -0.6283786296844482, 
    0.10368885844945908, 
    0.21233922243118286, 
    0.2238011360168457, 
    0.2799164056777954, 
    0.28130435943603516, 
    0.003333970671519637, 
    -0.03967178612947464, 
    0.3003326654434204, 
    -0.012162504717707634, 
    0.0821821540594101, 
    0.6280450224876404, 
    0.849444568157196, 
    0.10752381384372711, 
    0.8783316016197205, 
    0.38534319400787354, 
    0.26155924797058105, 
    0.061131108552217484, 
    0.028212858363986015, 
    0.15833812952041626, 
    -0.032882705330848694, 
    -0.2834181785583496, 
    0.7454044818878174, 
    0.04450870305299759, 
    -0.013830453157424927, 
    0.08716919273138046, 
    0.525894820690155, 
    0.18064740300178528, 
    0.27620792388916016, 
    -0.08567020297050476, 
    -0.012469062581658363, 
    0.7754158973693848, 
    0.750213086605072, 
    0.24146272242069244, 
    0.07663949579000473, 
    0.1485895812511444, 
    0.5752092003822327, 
    0.3071158230304718, 
    -0.0041043395176529884, 
    0.3952014148235321, 
    0.6802539825439453, 
    0.22006972134113312, 
    0.5623869895935059, 
    0.08925028890371323, 
    0.4605778455734253, 
    0.6003071665763855, 
    0.24339866638183594, 
    0.36874234676361084, 
    0.2320493906736374, 
    0.297884464263916, 
    0.028639428317546844, 
    0.13097627460956573, 
    0.5680084228515625, 
    -4.2237866182404105e-06, 
    0.09559543430805206
]