[
    0.47739627957344055, 
    0.4643479287624359, 
    0.44750118255615234, 
    0.3475196957588196, 
    0.5468989014625549, 
    0.5167339444160461, 
    0.4952113926410675, 
    0.4267772138118744, 
    0.26372793316841125, 
    0.6454697847366333, 
    0.44752296805381775, 
    0.40145692229270935, 
    0.5727648138999939, 
    0.47720587253570557, 
    0.45593971014022827, 
    0.7397500276565552, 
    0.441913902759552, 
    0.5173558592796326, 
    0.5578423142433167, 
    0.7127581238746643, 
    0.46218931674957275, 
    0.5699692368507385, 
    0.37129461765289307, 
    0.5455864667892456, 
    0.3295001983642578, 
    0.5720611214637756, 
    0.4849812090396881, 
    0.3848072588443756, 
    0.5624260902404785, 
    0.3151035010814667, 
    0.21076111495494843, 
    0.2870878279209137, 
    0.508313000202179, 
    0.22968308627605438, 
    0.4452871084213257, 
    0.5134733319282532, 
    0.29894813895225525, 
    0.3926048278808594, 
    0.43890073895454407, 
    0.28892725706100464, 
    0.28699183464050293, 
    0.31938984990119934, 
    0.43575260043144226, 
    0.44547680020332336, 
    0.5403956770896912, 
    0.6581682562828064, 
    0.2884666621685028, 
    0.6090918779373169, 
    0.5487774610519409, 
    0.4998394250869751, 
    0.6066246628761292, 
    0.5212134718894958, 
    0.29167139530181885, 
    0.4813518226146698, 
    0.5015003085136414, 
    0.7275987863540649, 
    0.33497270941734314, 
    0.5529452562332153, 
    0.41263914108276367, 
    0.3291277289390564, 
    0.4726201593875885, 
    0.49922388792037964, 
    0.5208910703659058, 
    0.4119623005390167, 
    0.5660103559494019, 
    0.35516121983528137, 
    0.4871109127998352, 
    0.33909982442855835, 
    0.6782113909721375, 
    0.5152473449707031, 
    0.3633340299129486, 
    0.417610228061676, 
    0.37627360224723816, 
    0.5408466458320618, 
    0.4641563594341278, 
    0.2713826298713684, 
    0.5019370913505554, 
    0.5740536451339722, 
    0.5332037806510925, 
    0.3101298213005066, 
    0.5104801058769226, 
    0.5367434024810791, 
    0.62397301197052, 
    0.24154546856880188, 
    0.5076321363449097, 
    0.4557659327983856, 
    0.5650354027748108, 
    0.36260339617729187, 
    0.2752362787723541, 
    0.5397977232933044, 
    0.5097315311431885, 
    0.5375751852989197, 
    0.5877475738525391, 
    0.44438740611076355, 
    0.4378921687602997, 
    0.5031783580780029, 
    0.48600053787231445, 
    0.39631617069244385, 
    0.4199380576610565, 
    0.32065293192863464, 
    0.24949948489665985, 
    0.33858999609947205, 
    0.27859896421432495, 
    0.5797433853149414, 
    0.6969918608665466, 
    0.329430490732193, 
    0.5642912983894348, 
    0.31216558814048767, 
    0.4735962748527527, 
    0.4170547127723694, 
    0.3005993962287903, 
    0.5148733854293823, 
    0.48900675773620605, 
    0.4248653054237366, 
    0.5066224932670593, 
    0.4001252055168152, 
    0.522075891494751, 
    0.5254848003387451, 
    0.5963011980056763, 
    0.6151649355888367, 
    0.3323957026004791, 
    0.5917805433273315, 
    0.4397682845592499, 
    0.47376129031181335, 
    0.3074139356613159, 
    0.2794971466064453, 
    0.35403570532798767, 
    0.3749193847179413, 
    0.34364643692970276, 
    0.5198003053665161, 
    0.4743621349334717, 
    0.5389953851699829, 
    0.5136257410049438, 
    0.6343302726745605, 
    0.35197246074676514, 
    0.42551323771476746, 
    0.45399683713912964, 
    0.6076592803001404, 
    0.4610641896724701, 
    0.44579651951789856, 
    0.4853925108909607, 
    0.47963541746139526, 
    0.27371492981910706, 
    0.47267061471939087, 
    0.43573880195617676, 
    0.49241265654563904, 
    0.34977519512176514, 
    0.5684559345245361, 
    0.7170213460922241, 
    0.3051917254924774, 
    0.43795809149742126, 
    0.6139452457427979, 
    0.2955777943134308, 
    0.30019015073776245, 
    0.42904433608055115, 
    0.5472365617752075, 
    0.5220203399658203, 
    0.2533804774284363, 
    0.347138911485672, 
    0.47438541054725647, 
    0.5168206691741943, 
    0.25444141030311584, 
    0.3853672444820404, 
    0.3319140672683716, 
    0.3364902138710022, 
    0.5854397416114807, 
    0.4765035808086395, 
    0.42025986313819885, 
    0.4879303276538849, 
    0.5155889391899109, 
    0.33580225706100464, 
    0.5271285772323608, 
    0.44693052768707275, 
    0.41908881068229675, 
    0.4483056962490082, 
    0.5760219097137451, 
    0.6043960452079773, 
    0.48118093609809875, 
    0.5048035383224487, 
    0.5324150919914246, 
    0.5347670316696167, 
    0.6386764049530029, 
    0.3491763472557068, 
    0.2912069857120514, 
    0.5086839199066162, 
    0.4164789617061615, 
    0.3090576231479645, 
    0.42353594303131104, 
    0.3378056585788727, 
    0.26795506477355957, 
    0.39764755964279175, 
    0.4238789975643158, 
    0.4549640119075775, 
    0.5188930034637451, 
    0.3153044581413269, 
    0.561866044998169, 
    0.3343457579612732, 
    0.40803536772727966, 
    0.386145681142807, 
    0.41012799739837646, 
    0.3128909170627594, 
    0.5589260458946228, 
    0.5658566355705261, 
    0.437012642621994, 
    0.526660144329071, 
    0.24089007079601288, 
    0.524344801902771, 
    0.6297774314880371, 
    0.41447973251342773, 
    0.24620380997657776, 
    0.5203664302825928, 
    0.3465609848499298, 
    0.4642461836338043, 
    0.28561773896217346, 
    0.6154919266700745, 
    0.6131080985069275, 
    0.23836921155452728, 
    0.642339289188385, 
    0.26308953762054443, 
    0.44891440868377686, 
    0.5107600688934326, 
    0.3860466480255127, 
    0.4735718369483948, 
    0.299656480550766, 
    0.5322756171226501, 
    0.5616269111633301, 
    0.29510775208473206, 
    0.5588144659996033, 
    0.4181503653526306, 
    0.5134130120277405, 
    0.4246695339679718, 
    0.5068918466567993, 
    0.20374315977096558, 
    0.5360919237136841, 
    0.5876781940460205, 
    0.49489501118659973, 
    0.424951434135437, 
    0.48031219840049744, 
    0.3781574070453644, 
    0.32932451367378235, 
    0.3218979239463806, 
    0.2597382962703705, 
    0.4653400182723999, 
    0.23172321915626526, 
    0.41127750277519226, 
    0.33376413583755493, 
    0.4496166706085205, 
    0.3991010785102844, 
    0.5626256465911865, 
    0.3487411439418793, 
    0.578760027885437, 
    0.5123763680458069, 
    0.44810307025909424, 
    0.45635974407196045, 
    0.3871045410633087, 
    0.6785871982574463
]