[
    0.12762905657291412, 
    0.12275564670562744, 
    0.12499820441007614, 
    0.11970187723636627, 
    0.14949287474155426, 
    0.1349697709083557, 
    0.1295635998249054, 
    0.12666842341423035, 
    0.10646460205316544, 
    0.12320491671562195, 
    0.11452734470367432, 
    0.12794631719589233, 
    0.1426723152399063, 
    0.12883257865905762, 
    0.12126260995864868, 
    0.13131868839263916, 
    0.10759817808866501, 
    0.12379643321037292, 
    0.11796531826257706, 
    0.10910835862159729, 
    0.10871564596891403, 
    0.1304321587085724, 
    0.10448624193668365, 
    0.11537446081638336, 
    0.12717247009277344, 
    0.11180321127176285, 
    0.12756739556789398, 
    0.12286674976348877, 
    0.12398326396942139, 
    0.14221392571926117, 
    0.11316949129104614, 
    0.1293320506811142, 
    0.13921552896499634, 
    0.12271670252084732, 
    0.11927393823862076, 
    0.1134687066078186, 
    0.12124617397785187, 
    0.11643046885728836, 
    0.12273001670837402, 
    0.12688899040222168, 
    0.11636409163475037, 
    0.16465581953525543, 
    0.10502278059720993, 
    0.1195116862654686, 
    0.1531609445810318, 
    0.1342439353466034, 
    0.10587387531995773, 
    0.1260979026556015, 
    0.11579568684101105, 
    0.12198430299758911, 
    0.11759349703788757, 
    0.10421021282672882, 
    0.1247224286198616, 
    0.13010945916175842, 
    0.1580394208431244, 
    0.12816186249256134, 
    0.13975279033184052, 
    0.12942226231098175, 
    0.14606644213199615, 
    0.14269708096981049, 
    0.12945285439491272, 
    0.1267540603876114, 
    0.13667871057987213, 
    0.13177382946014404, 
    0.11588475108146667, 
    0.11683861911296844, 
    0.1248050257563591, 
    0.13224288821220398, 
    0.1176375225186348, 
    0.13127470016479492, 
    0.12154500186443329, 
    0.10884638130664825, 
    0.12010249495506287, 
    0.12775534391403198, 
    0.10177408158779144, 
    0.13697746396064758, 
    0.11868207901716232, 
    0.11584649235010147, 
    0.12419862300157547, 
    0.13404251635074615, 
    0.11032059043645859, 
    0.11462991684675217, 
    0.13090091943740845, 
    0.0981639102101326, 
    0.11799296736717224, 
    0.11927688866853714, 
    0.11531640589237213, 
    0.12476515769958496, 
    0.12286441773176193, 
    0.1382814645767212, 
    0.12678878009319305, 
    0.13078081607818604, 
    0.1297987848520279, 
    0.11570169031620026, 
    0.12541933357715607, 
    0.12023849040269852, 
    0.12297524511814117, 
    0.13867858052253723, 
    0.10723394900560379, 
    0.11589539051055908, 
    0.12846925854682922, 
    0.11474386602640152, 
    0.11642193049192429, 
    0.14671461284160614, 
    0.11992056667804718, 
    0.11325175315141678, 
    0.11910267174243927, 
    0.11436503380537033, 
    0.12116879224777222, 
    0.11018982529640198, 
    0.12293118983507156, 
    0.11268413066864014, 
    0.12565791606903076, 
    0.10779480636119843, 
    0.13359029591083527, 
    0.1230449452996254, 
    0.12169040739536285, 
    0.12649859488010406, 
    0.13095466792583466, 
    0.12160634994506836, 
    0.12656821310520172, 
    0.11413881927728653, 
    0.12338091433048248, 
    0.11036640405654907, 
    0.10863479971885681, 
    0.12816926836967468, 
    0.1303040087223053, 
    0.11824346333742142, 
    0.12992917001247406, 
    0.13897071778774261, 
    0.12459542602300644, 
    0.10678207874298096, 
    0.13451649248600006, 
    0.12485861033201218, 
    0.13814176619052887, 
    0.12273767590522766, 
    0.11989083886146545, 
    0.1333087533712387, 
    0.1253517121076584, 
    0.11032643169164658, 
    0.12238060683012009, 
    0.13164590299129486, 
    0.12845179438591003, 
    0.11315896362066269, 
    0.11545747518539429, 
    0.13112877309322357, 
    0.16679725050926208, 
    0.10391579568386078, 
    0.13002470135688782, 
    0.14396126568317413, 
    0.1081688329577446, 
    0.11832106858491898, 
    0.14559665322303772, 
    0.10820610076189041, 
    0.10967357456684113, 
    0.12424785643815994, 
    0.12929095327854156, 
    0.13195951282978058, 
    0.1389973759651184, 
    0.1017899438738823, 
    0.1263105422258377, 
    0.13794834911823273, 
    0.13290314376354218, 
    0.11648105084896088, 
    0.11118485778570175, 
    0.11825314909219742, 
    0.11370057612657547, 
    0.11856648325920105, 
    0.12158163636922836, 
    0.10988801717758179, 
    0.10519726574420929, 
    0.09979806840419769, 
    0.1235346570611, 
    0.12015894055366516, 
    0.10869500786066055, 
    0.14592143893241882, 
    0.11392351239919662, 
    0.11446981877088547, 
    0.10229191929101944, 
    0.10628130286931992, 
    0.13246062397956848, 
    0.1256067305803299, 
    0.15220816433429718, 
    0.11154286563396454, 
    0.18298675119876862, 
    0.10781385749578476, 
    0.11583518236875534, 
    0.12214529514312744, 
    0.11922493577003479, 
    0.12078175693750381, 
    0.1077917218208313, 
    0.12797914445400238, 
    0.11828776448965073, 
    0.10973425209522247, 
    0.11567197740077972, 
    0.11339545994997025, 
    0.10710420459508896, 
    0.1349266767501831, 
    0.10347987711429596, 
    0.1179058626294136, 
    0.0960918664932251, 
    0.1403459757566452, 
    0.11617402732372284, 
    0.12305885553359985, 
    0.13200102746486664, 
    0.13410253822803497, 
    0.12308093160390854, 
    0.14063145220279694, 
    0.1256507933139801, 
    0.12164489924907684, 
    0.10508151352405548, 
    0.15217778086662292, 
    0.14018912613391876, 
    0.13436606526374817, 
    0.1424216479063034, 
    0.14021164178848267, 
    0.12283065170049667, 
    0.11038877069950104, 
    0.10407055914402008, 
    0.10292444378137589, 
    0.13329504430294037, 
    0.10696973651647568, 
    0.12501807510852814, 
    0.13955853879451752, 
    0.13101407885551453, 
    0.11802705377340317, 
    0.11813357472419739, 
    0.11556440591812134, 
    0.11784033477306366, 
    0.1159810945391655, 
    0.11792959272861481, 
    0.12844525277614594, 
    0.12134549766778946, 
    0.14517056941986084, 
    0.16526588797569275, 
    0.11742106825113297, 
    0.10994856059551239, 
    0.10309275984764099, 
    0.1266067773103714, 
    0.12358605861663818, 
    0.1207759827375412, 
    0.10665042698383331, 
    0.11513278633356094, 
    0.1382160633802414, 
    0.10504312813282013, 
    0.11961005628108978, 
    0.11718607693910599, 
    0.11794379353523254, 
    0.1328759789466858, 
    0.11339545994997025, 
    0.11759033799171448, 
    0.12695175409317017, 
    0.12257897108793259, 
    0.14349280297756195, 
    0.13484834134578705, 
    0.10620845854282379, 
    0.1341981738805771, 
    0.14975309371948242, 
    0.1089564859867096, 
    0.12828727066516876, 
    0.11888277530670166, 
    0.13914985954761505, 
    0.161255344748497, 
    0.13553102314472198, 
    0.14318814873695374, 
    0.14046652615070343, 
    0.1211254820227623, 
    0.11047821491956711, 
    0.12246765941381454, 
    0.11124804615974426, 
    0.13810035586357117, 
    0.09988026320934296, 
    0.1055939644575119, 
    0.11658672988414764, 
    0.10550814121961594, 
    0.1289023458957672, 
    0.1251296103000641, 
    0.11821779608726501, 
    0.1466054916381836, 
    0.0891660675406456, 
    0.11449845880270004, 
    0.10832338035106659, 
    0.10761982202529907, 
    0.12382952123880386, 
    0.11958883702754974, 
    0.11461232602596283, 
    0.10808686167001724, 
    0.12470003217458725, 
    0.1236797422170639, 
    0.11635199934244156, 
    0.12135045230388641, 
    0.12085863947868347, 
    0.13816316425800323, 
    0.11200108379125595, 
    0.12242207676172256, 
    0.1365109086036682, 
    0.13395601511001587, 
    0.11601362377405167, 
    0.1622866690158844, 
    0.12807418406009674, 
    0.12334843724966049, 
    0.11078285425901413, 
    0.12464553117752075, 
    0.1217348650097847, 
    0.10498777776956558, 
    0.12468341737985611, 
    0.11351023614406586, 
    0.11745181679725647, 
    0.12005838006734848, 
    0.11724880337715149, 
    0.13178180158138275, 
    0.11847418546676636, 
    0.12146449089050293, 
    0.13484811782836914, 
    0.11264634877443314, 
    0.14398744702339172, 
    0.14724838733673096, 
    0.12787075340747833, 
    0.15453381836414337, 
    0.12137006223201752, 
    0.1420220583677292, 
    0.11662408709526062, 
    0.15098536014556885, 
    0.12612128257751465, 
    0.10899750143289566, 
    0.11780635267496109, 
    0.12974125146865845, 
    0.11949864774942398, 
    0.1431851089000702, 
    0.13162913918495178, 
    0.12136723101139069, 
    0.11488991975784302, 
    0.12112601101398468, 
    0.12583473324775696, 
    0.15377122163772583, 
    0.12556825578212738, 
    0.11308225244283676, 
    0.12313689291477203, 
    0.11895425617694855, 
    0.12752318382263184, 
    0.1157912090420723, 
    0.1252656728029251, 
    0.11835284531116486, 
    0.13483627140522003, 
    0.11933765560388565, 
    0.11620114743709564, 
    0.12532992660999298, 
    0.10866756737232208, 
    0.1365351676940918, 
    0.12575265765190125, 
    0.1470429003238678, 
    0.10787380486726761, 
    0.1180412694811821, 
    0.1280369907617569, 
    0.1268863081932068, 
    0.13250020146369934, 
    0.13235996663570404, 
    0.12203678488731384, 
    0.14280405640602112, 
    0.13403595983982086, 
    0.10393349826335907, 
    0.1394515335559845, 
    0.10457541048526764, 
    0.12198570370674133, 
    0.11291669309139252, 
    0.11402066797018051, 
    0.0992727279663086, 
    0.13584399223327637, 
    0.11880059540271759, 
    0.1214495301246643, 
    0.13854922354221344, 
    0.12138518691062927, 
    0.12024878710508347, 
    0.13767683506011963, 
    0.1480303853750229, 
    0.13123981654644012, 
    0.11066845059394836, 
    0.11452284455299377, 
    0.11560025811195374, 
    0.12462753802537918, 
    0.11009788513183594, 
    0.11750749498605728, 
    0.10883276909589767, 
    0.11076788604259491, 
    0.11850561946630478, 
    0.12408509105443954, 
    0.12279116362333298, 
    0.11173253506422043, 
    0.12149644643068314, 
    0.12411975860595703, 
    0.1572970300912857, 
    0.125625342130661, 
    0.1239001676440239, 
    0.1349317878484726, 
    0.13095448911190033, 
    0.1502310186624527, 
    0.11568981409072876, 
    0.10948193073272705, 
    0.14991512894630432, 
    0.13594208657741547, 
    0.13455510139465332, 
    0.12609705328941345, 
    0.15346519649028778, 
    0.1319720447063446, 
    0.12852589786052704, 
    0.13161161541938782, 
    0.11801622062921524, 
    0.15870825946331024, 
    0.14511358737945557, 
    0.10631314665079117, 
    0.11712111532688141, 
    0.12875771522521973, 
    0.12428843975067139, 
    0.12205859273672104, 
    0.1245814636349678, 
    0.10793600976467133, 
    0.10689383000135422, 
    0.12154929339885712, 
    0.10270816832780838, 
    0.12948296964168549, 
    0.13538822531700134, 
    0.11011271178722382, 
    0.13811498880386353, 
    0.12024828046560287, 
    0.11112470179796219, 
    0.11208692938089371, 
    0.1251237392425537, 
    0.13068126142024994, 
    0.1301397681236267, 
    0.1311066597700119, 
    0.11464890837669373, 
    0.14245395362377167, 
    0.12325964123010635, 
    0.15020370483398438, 
    0.11506230384111404, 
    0.1441347748041153, 
    0.1167704164981842, 
    0.11247344315052032, 
    0.132223442196846, 
    0.11860419809818268, 
    0.13166704773902893, 
    0.12541650235652924, 
    0.13364467024803162, 
    0.11811515688896179, 
    0.1709429919719696, 
    0.10149762034416199, 
    0.13767534494400024, 
    0.1300901174545288, 
    0.10453242808580399, 
    0.11760526150465012, 
    0.13639649748802185, 
    0.12476634234189987, 
    0.13005663454532623, 
    0.13073112070560455, 
    0.1320534348487854, 
    0.1487613320350647, 
    0.1429387480020523, 
    0.1165485680103302, 
    0.11884867399930954, 
    0.13041549921035767, 
    0.1259346753358841, 
    0.11329067498445511, 
    0.13079318404197693, 
    0.125589519739151, 
    0.14009632170200348, 
    0.13537612557411194, 
    0.11469880491495132, 
    0.11678165197372437, 
    0.12485216557979584, 
    0.11204303056001663, 
    0.11652053147554398, 
    0.11563914269208908, 
    0.13179290294647217, 
    0.10786659270524979, 
    0.12164035439491272, 
    0.10766192525625229, 
    0.1337806135416031, 
    0.12288713455200195, 
    0.12369187921285629, 
    0.12857532501220703, 
    0.12390360236167908, 
    0.10941097885370255, 
    0.15196223556995392, 
    0.12718558311462402, 
    0.11527934670448303, 
    0.1345691680908203, 
    0.11552470177412033, 
    0.12010787427425385, 
    0.12456869333982468, 
    0.12672017514705658, 
    0.1347232162952423, 
    0.12197259068489075, 
    0.12940485775470734, 
    0.12555748224258423, 
    0.12574997544288635, 
    0.12749513983726501, 
    0.09756375104188919, 
    0.13477063179016113, 
    0.11845427006483078, 
    0.12802807986736298, 
    0.12037714570760727, 
    0.13317321240901947, 
    0.11513148248195648, 
    0.14045457541942596, 
    0.14161008596420288, 
    0.13061991333961487, 
    0.11044839024543762, 
    0.13474708795547485, 
    0.11088111251592636, 
    0.15905599296092987, 
    0.12257236242294312, 
    0.15684427320957184, 
    0.09823000431060791, 
    0.11976223438978195, 
    0.14132165908813477, 
    0.13434235751628876, 
    0.1144520714879036, 
    0.1328231543302536, 
    0.1071869358420372, 
    0.12033528834581375, 
    0.14121821522712708, 
    0.13575606048107147, 
    0.11698061972856522, 
    0.12600599229335785, 
    0.11406339704990387, 
    0.12926551699638367, 
    0.13996852934360504, 
    0.12470147013664246, 
    0.09738989174365997, 
    0.12896259129047394, 
    0.09817424416542053, 
    0.13637858629226685, 
    0.12282872200012207, 
    0.1195513978600502, 
    0.12251272052526474, 
    0.11159233003854752, 
    0.12253162264823914, 
    0.12381121516227722, 
    0.1148841455578804, 
    0.14481978118419647, 
    0.1319117546081543, 
    0.11856162548065186, 
    0.1340513974428177, 
    0.14187785983085632, 
    0.1394067257642746, 
    0.13030464947223663, 
    0.11498262733221054, 
    0.13433034718036652, 
    0.11464177072048187, 
    0.11143230646848679, 
    0.12526455521583557, 
    0.11419391632080078, 
    0.12521812319755554, 
    0.14195533096790314, 
    0.1681089997291565, 
    0.12901757657527924, 
    0.11675740033388138, 
    0.11766160279512405, 
    0.11883257329463959, 
    0.11772510409355164, 
    0.15149323642253876, 
    0.12256047874689102, 
    0.12537965178489685, 
    0.14008180797100067, 
    0.11029208451509476, 
    0.10830862075090408, 
    0.10892832279205322, 
    0.13156765699386597, 
    0.1716369390487671, 
    0.12985368072986603, 
    0.12814129889011383, 
    0.11551017314195633, 
    0.12723469734191895, 
    0.12152646481990814, 
    0.11149407178163528, 
    0.16516707837581635, 
    0.13075295090675354, 
    0.13674871623516083, 
    0.09549914300441742, 
    0.10600736737251282, 
    0.1016630083322525, 
    0.14294341206550598, 
    0.11622970551252365, 
    0.10925214737653732, 
    0.1415109485387802, 
    0.09848599880933762, 
    0.11837679892778397, 
    0.12186174839735031, 
    0.1158396303653717, 
    0.13010650873184204, 
    0.1241162121295929, 
    0.11386632174253464, 
    0.12035194039344788, 
    0.10806398093700409, 
    0.12653371691703796, 
    0.11364322900772095, 
    0.1338493674993515, 
    0.12177738547325134, 
    0.1464218646287918, 
    0.14087527990341187, 
    0.1630915105342865, 
    0.13670037686824799, 
    0.1375587433576584, 
    0.1348140835762024, 
    0.12880077958106995, 
    0.12314143031835556, 
    0.11073732376098633, 
    0.14472322165966034, 
    0.12466119974851608, 
    0.12217815965414047, 
    0.12109989672899246, 
    0.11873630434274673, 
    0.10996812582015991, 
    0.09572916477918625, 
    0.13243725895881653, 
    0.11767071485519409, 
    0.1450018435716629, 
    0.11821099370718002, 
    0.12272518128156662, 
    0.12662464380264282, 
    0.12921485304832458, 
    0.13349299132823944, 
    0.11522975564002991, 
    0.1050955057144165, 
    0.11802360415458679, 
    0.11020594090223312, 
    0.11324683576822281, 
    0.13523365557193756, 
    0.1855338215827942, 
    0.1254940927028656, 
    0.12248922884464264, 
    0.12132816016674042, 
    0.13187459111213684, 
    0.12837032973766327, 
    0.12611359357833862, 
    0.11027392745018005, 
    0.11382872611284256, 
    0.11839760839939117, 
    0.12199659645557404, 
    0.12384714931249619, 
    0.09955048561096191, 
    0.11177259683609009, 
    0.13774874806404114, 
    0.12252112478017807, 
    0.11337713152170181, 
    0.09805404394865036, 
    0.09975183755159378, 
    0.17332613468170166, 
    0.1325646936893463, 
    0.12115789949893951, 
    0.1380612850189209, 
    0.12613067030906677, 
    0.1300327479839325, 
    0.12105376273393631, 
    0.13672994077205658, 
    0.14388394355773926, 
    0.12508141994476318, 
    0.10888883471488953, 
    0.12666766345500946, 
    0.11044593900442123, 
    0.1399012804031372, 
    0.1121179461479187, 
    0.1145600825548172, 
    0.13687434792518616, 
    0.1414644718170166, 
    0.14142298698425293, 
    0.11310280859470367, 
    0.12004806846380234, 
    0.12142321467399597, 
    0.13397455215454102, 
    0.10233496129512787, 
    0.11543072760105133, 
    0.12057750672101974, 
    0.1642606109380722, 
    0.11593664437532425, 
    0.13802801072597504, 
    0.13937528431415558, 
    0.12017866224050522, 
    0.11558756977319717, 
    0.1345260739326477, 
    0.09614710509777069, 
    0.12146264314651489, 
    0.12086139619350433, 
    0.13750433921813965, 
    0.11378324031829834, 
    0.12876448035240173, 
    0.11223158240318298, 
    0.12412217259407043, 
    0.12455593794584274, 
    0.12146773189306259, 
    0.13144426047801971, 
    0.10333805531263351, 
    0.10538166016340256, 
    0.14031673967838287, 
    0.11282917112112045, 
    0.15369611978530884, 
    0.09548283368349075, 
    0.12104841321706772, 
    0.1295626312494278, 
    0.1122891902923584, 
    0.11845177412033081, 
    0.10216468572616577, 
    0.1251005381345749, 
    0.12252404540777206, 
    0.12356294691562653, 
    0.10990023612976074, 
    0.10079542547464371, 
    0.1223052442073822, 
    0.11952611058950424, 
    0.11985397338867188, 
    0.11992939561605453, 
    0.12647411227226257, 
    0.14125818014144897, 
    0.1324036419391632, 
    0.10884637385606766, 
    0.1319047510623932, 
    0.1280168741941452, 
    0.12925985455513, 
    0.11881869286298752, 
    0.1149347722530365, 
    0.1290573626756668, 
    0.1470964550971985, 
    0.12321238964796066, 
    0.18019670248031616, 
    0.11878583580255508, 
    0.12347394227981567, 
    0.10812141746282578, 
    0.12490496039390564, 
    0.12190951406955719, 
    0.1491737812757492, 
    0.11642106622457504, 
    0.12191277742385864, 
    0.14671774208545685, 
    0.12231080234050751, 
    0.11348115652799606, 
    0.14461450278759003, 
    0.11787170171737671, 
    0.1018575057387352, 
    0.14616623520851135, 
    0.13312861323356628, 
    0.13261312246322632, 
    0.16404686868190765, 
    0.14328406751155853, 
    0.11645147949457169, 
    0.09931494295597076, 
    0.11115594953298569, 
    0.10469697415828705, 
    0.11981156468391418, 
    0.12156561017036438, 
    0.12872007489204407, 
    0.10679809004068375, 
    0.12389962375164032, 
    0.12926232814788818, 
    0.1261756271123886, 
    0.14868859946727753, 
    0.11216650903224945, 
    0.10674414038658142, 
    0.12226108461618423, 
    0.11670413613319397, 
    0.11179047077894211, 
    0.16885167360305786, 
    0.10068641602993011, 
    0.14415474236011505, 
    0.13290537893772125, 
    0.1138283982872963, 
    0.1239558681845665, 
    0.12666819989681244, 
    0.11484874039888382, 
    0.12645810842514038, 
    0.11688873916864395, 
    0.1318536400794983, 
    0.11753633618354797, 
    0.13213741779327393, 
    0.11068005114793777, 
    0.13739058375358582, 
    0.12452227622270584, 
    0.13000817596912384, 
    0.12070521712303162, 
    0.09794483333826065, 
    0.12163602560758591, 
    0.12797510623931885, 
    0.12603779137134552, 
    0.11942563951015472, 
    0.1347956359386444, 
    0.12769737839698792, 
    0.13607445359230042, 
    0.14430010318756104, 
    0.12581169605255127, 
    0.12316635996103287, 
    0.11237398535013199, 
    0.11111097037792206, 
    0.12738659977912903, 
    0.11700428277254105, 
    0.12736430764198303, 
    0.10338114202022552, 
    0.1239817887544632, 
    0.1040167361497879, 
    0.11948815733194351, 
    0.14031915366649628, 
    0.1383763551712036, 
    0.14285606145858765, 
    0.16263999044895172, 
    0.11286525428295135, 
    0.11100384593009949, 
    0.09996113926172256, 
    0.12502321600914001, 
    0.11561506241559982, 
    0.12483847141265869, 
    0.11031214147806168, 
    0.12349635362625122, 
    0.09736398607492447, 
    0.1496589034795761, 
    0.14006729423999786, 
    0.13274288177490234, 
    0.1400361955165863, 
    0.13499897718429565, 
    0.11374973505735397, 
    0.11114921420812607, 
    0.16410954296588898, 
    0.1244543120265007, 
    0.12864647805690765, 
    0.11588920652866364, 
    0.12082283198833466, 
    0.14088554680347443, 
    0.11700450628995895, 
    0.1152002364397049, 
    0.10330338776111603, 
    0.12068831920623779, 
    0.11355093866586685, 
    0.1255745142698288, 
    0.10987120866775513, 
    0.1338282972574234, 
    0.13825076818466187, 
    0.11949718743562698, 
    0.10770804435014725, 
    0.13258974254131317, 
    0.11283113062381744, 
    0.12148375809192657, 
    0.14678415656089783, 
    0.11936222016811371, 
    0.1282472312450409, 
    0.1051323413848877, 
    0.11992216110229492, 
    0.10859442502260208, 
    0.14137321710586548, 
    0.1290052980184555, 
    0.16918779909610748, 
    0.12386985868215561, 
    0.12361371517181396, 
    0.12757128477096558, 
    0.13857370615005493, 
    0.11582249402999878, 
    0.12341106683015823, 
    0.11375471204519272, 
    0.13091236352920532, 
    0.11745382845401764, 
    0.10399316996335983, 
    0.10972122848033905, 
    0.12945620715618134, 
    0.11968506127595901, 
    0.12487193197011948, 
    0.12732312083244324, 
    0.13056384027004242, 
    0.14983171224594116, 
    0.1271541565656662, 
    0.10934233665466309, 
    0.11802496016025543, 
    0.12102241814136505, 
    0.12230780720710754, 
    0.15609890222549438, 
    0.12634463608264923, 
    0.1298520714044571, 
    0.12966758012771606, 
    0.12014855444431305, 
    0.11397260427474976, 
    0.10995307564735413, 
    0.11902127414941788, 
    0.13354314863681793, 
    0.10497549176216125, 
    0.11485011875629425, 
    0.11734487116336823, 
    0.1478223204612732, 
    0.1313330978155136, 
    0.13661028444766998, 
    0.13672858476638794, 
    0.12552456557750702, 
    0.11428520828485489, 
    0.10932780057191849, 
    0.12207475304603577, 
    0.11887401342391968, 
    0.11295139044523239, 
    0.11126372218132019, 
    0.11805521696805954, 
    0.12031716108322144, 
    0.12440397590398788, 
    0.14265313744544983, 
    0.10695410519838333, 
    0.1244249939918518, 
    0.13361559808254242, 
    0.13021612167358398, 
    0.14796818792819977, 
    0.11464468389749527, 
    0.11083005368709564, 
    0.13371948897838593, 
    0.10541057586669922, 
    0.11714616417884827, 
    0.12342289090156555, 
    0.12810690701007843, 
    0.14225587248802185, 
    0.11876410990953445, 
    0.10266900062561035, 
    0.13063769042491913, 
    0.1206960678100586, 
    0.1507013440132141, 
    0.10952551662921906, 
    0.11464914679527283, 
    0.12469273060560226, 
    0.12255947291851044, 
    0.13844013214111328, 
    0.12468903511762619, 
    0.15944090485572815, 
    0.12028973549604416, 
    0.13250507414340973, 
    0.10947982966899872, 
    0.12166237831115723, 
    0.13167548179626465, 
    0.13788877427577972, 
    0.13158072531223297, 
    0.09668222069740295, 
    0.11378009617328644, 
    0.10499842464923859, 
    0.13944685459136963, 
    0.10772211849689484, 
    0.12898895144462585, 
    0.13341118395328522, 
    0.12227702140808105, 
    0.12863567471504211, 
    0.1225750520825386, 
    0.1304004192352295, 
    0.11268958449363708, 
    0.1153043732047081, 
    0.14385490119457245, 
    0.12591375410556793, 
    0.14520646631717682, 
    0.10055555403232574, 
    0.11619101464748383, 
    0.11025501787662506, 
    0.11289162188768387, 
    0.14235681295394897, 
    0.12035521119832993, 
    0.134391650557518, 
    0.1326819807291031, 
    0.14495989680290222, 
    0.11819636821746826, 
    0.10393912345170975, 
    0.11672943830490112, 
    0.1169842928647995, 
    0.1069495901465416, 
    0.13591663539409637, 
    0.11048196256160736, 
    0.09541000425815582, 
    0.13698352873325348, 
    0.11698299646377563, 
    0.13287243247032166, 
    0.12277278304100037, 
    0.11320933699607849, 
    0.13246609270572662, 
    0.14217767119407654, 
    0.13592499494552612, 
    0.1303749978542328, 
    0.12004941701889038, 
    0.12453413009643555, 
    0.11484284698963165, 
    0.13598017394542694, 
    0.10515014082193375, 
    0.11002153158187866, 
    0.11304445564746857, 
    0.10167243331670761, 
    0.1347712129354477, 
    0.10822395235300064, 
    0.13749666512012482, 
    0.11557991802692413, 
    0.12668007612228394, 
    0.17337556183338165, 
    0.14450249075889587, 
    0.1424369215965271, 
    0.115669384598732, 
    0.14613091945648193, 
    0.11075697094202042, 
    0.11358562111854553, 
    0.11669519543647766, 
    0.1066070944070816, 
    0.11522329598665237, 
    0.1478724181652069, 
    0.12203032523393631, 
    0.10940948873758316, 
    0.1182033121585846, 
    0.14349547028541565, 
    0.1292141079902649, 
    0.12882257997989655, 
    0.12137254327535629, 
    0.12354899197816849, 
    0.1379070281982422, 
    0.12684178352355957, 
    0.1506703794002533, 
    0.11840356141328812, 
    0.1276848316192627, 
    0.10780134052038193, 
    0.13757647573947906, 
    0.11327680200338364, 
    0.13812147080898285, 
    0.11535666882991791, 
    0.13918524980545044, 
    0.10848169773817062, 
    0.1281074583530426, 
    0.12131620198488235, 
    0.11967133730649948, 
    0.1455979347229004, 
    0.15124507248401642, 
    0.14848408102989197, 
    0.11466813832521439, 
    0.11958541721105576, 
    0.12370990961790085, 
    0.1331382691860199
]