[
    0.28807419538497925, 
    0.3638019263744354, 
    0.3577372133731842, 
    0.19588367640972137, 
    0.4730425477027893, 
    0.5175473690032959, 
    0.39204004406929016, 
    0.2808840274810791, 
    0.22429785132408142, 
    0.2997759282588959, 
    0.5500192046165466, 
    0.21460667252540588, 
    0.2848733365535736, 
    0.18190503120422363, 
    0.2293626219034195, 
    0.2943612039089203, 
    0.35347282886505127, 
    0.17231148481369019, 
    0.40447720885276794, 
    0.2699582576751709, 
    0.2995968461036682, 
    0.2749170660972595, 
    0.1572415977716446, 
    0.38177362084388733, 
    0.3367456793785095, 
    0.20495709776878357, 
    0.49612563848495483, 
    0.2896219789981842, 
    0.5495650768280029, 
    0.03406600281596184, 
    0.46636727452278137, 
    0.34778299927711487, 
    0.23404188454151154, 
    0.22794288396835327, 
    0.4067162871360779, 
    0.2617926001548767, 
    0.2222384363412857, 
    0.29195043444633484, 
    0.2300494760274887, 
    0.32949286699295044, 
    0.37690258026123047, 
    0.2833675444126129, 
    0.28830963373184204, 
    0.42312565445899963, 
    0.31573519110679626, 
    0.25053343176841736, 
    0.32078787684440613, 
    0.15976078808307648, 
    0.3197161853313446, 
    0.21561092138290405, 
    0.2771959602832794, 
    0.28455978631973267, 
    0.23268786072731018, 
    0.2822815775871277, 
    0.5014529824256897, 
    0.20668712258338928, 
    0.31750166416168213, 
    0.33359605073928833, 
    0.18212367594242096, 
    0.10805556178092957, 
    0.2698443830013275, 
    0.21246469020843506, 
    0.38971617817878723, 
    0.239315927028656, 
    0.2094116061925888, 
    0.25083282589912415, 
    0.21486923098564148, 
    0.25267723202705383, 
    0.3104155659675598, 
    0.19081221520900726, 
    0.23617859184741974, 
    0.33609530329704285, 
    0.2309475839138031, 
    0.34239572286605835, 
    0.19538716971874237, 
    0.209490567445755, 
    0.19831934571266174, 
    0.2977081835269928, 
    0.4348735213279724, 
    0.4498662054538727, 
    0.13613519072532654, 
    0.3847876489162445, 
    0.19588232040405273, 
    0.36349964141845703, 
    0.5176778435707092, 
    0.3814419209957123, 
    0.2830541133880615, 
    0.26181843876838684, 
    0.1865682601928711, 
    0.2941768169403076, 
    0.4095141887664795, 
    0.31049981713294983, 
    0.3388049900531769, 
    0.20413504540920258, 
    0.2747175693511963, 
    0.2124146819114685, 
    0.36432692408561707, 
    0.3271334767341614, 
    0.33302074670791626, 
    0.22617827355861664, 
    0.22175957262516022, 
    0.1687387079000473, 
    0.12715861201286316, 
    0.2824033796787262, 
    0.2553689479827881, 
    0.2955438792705536, 
    0.29059064388275146, 
    0.35221484303474426, 
    0.3055097758769989, 
    0.3012832701206207, 
    0.3559040129184723, 
    0.5735839605331421, 
    0.3002282977104187, 
    0.4196896255016327, 
    0.29856035113334656, 
    0.32618850469589233, 
    0.2917998731136322, 
    0.5190553069114685, 
    0.1521412879228592, 
    0.3124566674232483, 
    0.22868545353412628, 
    0.27752846479415894, 
    0.26410529017448425, 
    0.5396271347999573, 
    0.3042011559009552, 
    0.15107586979866028, 
    0.30130842328071594, 
    0.34192168712615967, 
    0.11564982682466507, 
    0.29481327533721924, 
    0.44155505299568176, 
    0.2772655487060547, 
    0.2503751814365387, 
    0.2120904177427292, 
    0.20908355712890625, 
    0.31088244915008545, 
    0.3055347204208374, 
    0.1949579417705536, 
    0.17291121184825897, 
    0.40004080533981323, 
    0.28969722986221313, 
    0.3232220411300659, 
    0.216773122549057, 
    0.24951057136058807, 
    0.25151196122169495, 
    0.19075556099414825, 
    0.40786632895469666, 
    0.18493510782718658, 
    0.3810264766216278, 
    0.28667736053466797, 
    0.501700222492218, 
    0.2275049090385437, 
    0.2875032126903534, 
    0.2686631679534912, 
    0.2253483086824417, 
    0.17148621380329132, 
    0.411994606256485, 
    0.24991154670715332, 
    0.3354850113391876, 
    0.4351308047771454, 
    0.3230012357234955, 
    0.24526016414165497, 
    0.31757500767707825, 
    0.2572532296180725, 
    0.4343079924583435, 
    0.22543060779571533, 
    0.3560042381286621, 
    0.15587203204631805, 
    0.31191545724868774, 
    0.3617881238460541, 
    0.3047682046890259, 
    0.37148475646972656, 
    0.12978723645210266, 
    0.24561159312725067, 
    0.5375159978866577, 
    0.2470158338546753, 
    0.24116075038909912, 
    0.40647634863853455, 
    0.2661632299423218, 
    0.43080011010169983, 
    0.3380633592605591, 
    0.542860209941864, 
    0.331325888633728, 
    0.18920618295669556, 
    0.4193764925003052, 
    0.1809508055448532, 
    0.18621014058589935, 
    0.46007612347602844, 
    0.25120308995246887, 
    0.2301241159439087, 
    0.16555050015449524, 
    0.3019489347934723, 
    0.32473164796829224, 
    0.2669616937637329, 
    0.19381487369537354, 
    0.28437721729278564, 
    0.1605173647403717, 
    0.23003289103507996, 
    0.16397406160831451, 
    0.386883407831192, 
    0.15517103672027588, 
    0.2661496102809906, 
    0.2881987988948822, 
    0.2805328071117401, 
    0.1436489373445511, 
    0.612763524055481, 
    0.17026068270206451, 
    0.33336326479911804, 
    0.29087603092193604, 
    0.33707916736602783, 
    0.19182324409484863, 
    0.20606361329555511, 
    0.1585381031036377, 
    0.23192529380321503, 
    0.19238431751728058, 
    0.41235432028770447, 
    0.43992868065834045, 
    0.24046538770198822, 
    0.17665401101112366, 
    0.2364247441291809, 
    0.42188987135887146, 
    0.3077569901943207, 
    0.25892120599746704, 
    0.23105154931545258, 
    0.0032136363442987204, 
    0.5048827528953552, 
    0.11784771829843521, 
    0.19743967056274414, 
    0.41887760162353516, 
    0.25518178939819336, 
    0.24719859659671783, 
    0.3050789535045624, 
    0.19629892706871033, 
    0.4508569538593292, 
    0.2031380981206894, 
    0.37101563811302185, 
    0.31306347250938416, 
    0.19034621119499207, 
    0.2195947766304016, 
    0.28862079977989197, 
    0.30231747031211853, 
    0.13215920329093933, 
    0.377811074256897, 
    0.20799556374549866, 
    0.2707992494106293, 
    0.34108200669288635, 
    0.3419325649738312, 
    0.3338322043418884, 
    0.2707928419113159, 
    0.5098462700843811, 
    0.27155423164367676, 
    0.35754328966140747, 
    0.47728222608566284, 
    0.2943400740623474, 
    0.25077465176582336, 
    0.24135012924671173, 
    0.3516998589038849, 
    0.3209414780139923, 
    0.28927600383758545, 
    0.27725985646247864, 
    0.2970355749130249, 
    0.19793513417243958, 
    0.2590649724006653, 
    0.31142687797546387, 
    0.3529965579509735, 
    0.31056153774261475, 
    0.38028353452682495, 
    0.18783245980739594, 
    0.3773018717765808, 
    0.22813662886619568, 
    0.1765434741973877, 
    0.3789151906967163, 
    0.19867698848247528, 
    0.2732987403869629, 
    0.164006307721138, 
    0.33287519216537476, 
    0.2750319242477417, 
    0.33167576789855957, 
    0.40473857522010803, 
    0.2156904935836792, 
    0.2432580590248108, 
    0.00012849400809500366, 
    0.4400111138820648, 
    0.239930659532547, 
    0.3368290960788727, 
    0.3245455324649811, 
    0.26821690797805786, 
    0.37620970606803894, 
    0.49137479066848755, 
    0.4300270676612854, 
    0.1536399871110916, 
    0.2501011788845062, 
    0.2858380079269409, 
    0.1463766247034073, 
    0.20883047580718994, 
    0.24911341071128845, 
    0.22600936889648438, 
    0.33832961320877075, 
    0.36216554045677185, 
    0.4664989709854126, 
    0.2900681793689728, 
    0.3152012228965759, 
    0.1842866986989975, 
    0.22405824065208435, 
    0.33961811661720276, 
    0.2395525574684143, 
    0.3126640021800995, 
    0.39382416009902954, 
    0.35127323865890503, 
    0.2645740211009979, 
    0.3064610958099365, 
    0.31660959124565125, 
    0.2025262415409088, 
    0.4875662922859192, 
    0.1892177164554596, 
    0.374594509601593, 
    0.25764861702919006, 
    0.3901831805706024, 
    0.19323794543743134, 
    0.17016275227069855, 
    0.3074462413787842, 
    0.3089231550693512, 
    0.40915825963020325, 
    0.21851928532123566, 
    0.21152126789093018, 
    0.2048848420381546, 
    0.2353619635105133, 
    0.4295048713684082, 
    0.27883851528167725, 
    0.2864590585231781, 
    0.25481951236724854, 
    0.3582262694835663, 
    0.2636354863643646, 
    0.2453695833683014, 
    0.2956542372703552, 
    0.26751965284347534, 
    0.28972893953323364, 
    0.2023443579673767, 
    0.28387612104415894, 
    0.2210475355386734, 
    0.31218448281288147, 
    0.35880154371261597, 
    0.3434180021286011, 
    0.2987772524356842, 
    0.3643137514591217, 
    0.14205686748027802, 
    0.48344066739082336, 
    0.3871392011642456, 
    0.35769572854042053, 
    0.24463321268558502, 
    0.20683637261390686, 
    0.18883316218852997, 
    0.23673373460769653, 
    0.23551905155181885, 
    0.2834537923336029, 
    0.321438193321228, 
    0.1678389459848404, 
    0.43524104356765747, 
    0.19610479474067688, 
    0.15504992008209229, 
    0.34678635001182556, 
    0.3933049440383911, 
    0.5752493143081665, 
    0.3496266007423401, 
    0.3240601122379303, 
    0.4306493401527405, 
    0.3041535019874573, 
    0.37766215205192566, 
    0.2716585397720337, 
    0.4257024824619293, 
    0.48435482382774353, 
    0.26402270793914795, 
    0.17593693733215332, 
    0.254569947719574, 
    0.2824694812297821, 
    0.22827167809009552, 
    0.2932986617088318, 
    0.10730952024459839, 
    0.1964184194803238, 
    0.3675388693809509, 
    0.30077067017555237, 
    0.25860700011253357, 
    0.2728279232978821, 
    0.45054787397384644, 
    0.3444892466068268, 
    0.2990364134311676, 
    0.2639400362968445, 
    0.26465916633605957, 
    0.10125322639942169, 
    0.34722110629081726, 
    0.4180634021759033, 
    0.2797397971153259, 
    0.36061301827430725, 
    0.26350560784339905, 
    0.35260820388793945, 
    0.352205753326416, 
    0.3057573437690735, 
    0.23204518854618073, 
    0.1908714473247528, 
    0.2599885165691376, 
    0.14138124883174896, 
    0.2808239459991455, 
    0.23161935806274414, 
    0.20336060225963593, 
    0.2750663459300995, 
    0.3875652253627777, 
    0.26373419165611267, 
    0.31137168407440186, 
    0.41931575536727905, 
    0.2558761537075043, 
    0.1276976615190506, 
    0.2263004332780838, 
    0.2401275485754013, 
    0.20642922818660736, 
    0.4172806441783905, 
    0.454379141330719, 
    0.32034802436828613, 
    0.38947534561157227, 
    0.31498321890830994, 
    0.1763249933719635, 
    0.22214920818805695, 
    0.2791227102279663, 
    0.26779165863990784, 
    0.2860517203807831, 
    0.28873011469841003, 
    0.265039324760437, 
    0.29746973514556885, 
    0.2303667515516281, 
    0.3363148868083954, 
    0.36503687500953674, 
    0.4949173927307129, 
    0.19771237671375275, 
    0.37795644998550415, 
    0.5468320846557617, 
    0.1669960916042328, 
    0.14609254896640778, 
    0.2202465534210205, 
    0.4841398298740387, 
    0.2827202379703522, 
    0.4691079258918762, 
    0.3091622591018677, 
    0.2341555953025818, 
    0.2212233990430832, 
    0.17638662457466125, 
    0.21627137064933777, 
    0.284452885389328, 
    0.1964430809020996, 
    0.3567177653312683, 
    0.3470577895641327, 
    0.28996405005455017, 
    0.3765142560005188, 
    0.2868455648422241, 
    0.2669285535812378, 
    0.29066896438598633, 
    0.14048145711421967, 
    0.300695538520813, 
    0.2302280217409134, 
    0.27591973543167114, 
    0.11217067390680313, 
    0.17660784721374512, 
    0.3013848662376404, 
    0.21897052228450775, 
    0.33126354217529297, 
    0.38201195001602173, 
    0.5060532093048096, 
    0.15772566199302673, 
    0.2106231153011322, 
    0.33129116892814636, 
    0.2358613908290863, 
    0.21641449630260468, 
    0.260512113571167, 
    0.13535204529762268, 
    0.28325992822647095, 
    0.16016943752765656, 
    0.20838141441345215, 
    0.46799832582473755, 
    0.33028414845466614, 
    0.23432831466197968, 
    0.2608228623867035, 
    0.5006011128425598, 
    0.27620792388916016, 
    0.25965267419815063, 
    0.17220360040664673, 
    0.32999807596206665, 
    0.4288314878940582, 
    0.4284263849258423, 
    0.18401440978050232, 
    0.2441682666540146, 
    0.26612910628318787, 
    0.3038410246372223, 
    0.1964138299226761, 
    0.2789841592311859, 
    0.4015583395957947, 
    0.2846669852733612, 
    0.2598419785499573, 
    0.1521598994731903, 
    0.35952624678611755, 
    0.19304180145263672, 
    0.18926236033439636, 
    0.30082014203071594, 
    0.17980986833572388, 
    0.21219854056835175, 
    0.2623249292373657, 
    0.1664932817220688, 
    0.24592196941375732, 
    0.19920460879802704, 
    0.4264554977416992, 
    0.38299480080604553, 
    0.17541538178920746, 
    0.16384516656398773, 
    0.45345181226730347, 
    0.33530867099761963
]