[
    0.5248866677284241, 
    0.444973886013031, 
    0.16807594895362854, 
    0.3885918855667114, 
    0.4570441246032715, 
    0.6886767745018005, 
    0.20482446253299713, 
    0.3393510580062866, 
    0.4830431342124939, 
    0.5322517156600952, 
    0.3659813702106476, 
    0.5073742270469666, 
    -0.1662517637014389, 
    0.4865368902683258, 
    0.3783852458000183, 
    0.5623041987419128, 
    0.1895727962255478, 
    0.47226637601852417, 
    0.17965005338191986, 
    0.5283386707305908, 
    0.491426557302475, 
    0.2928909659385681, 
    0.2700522840023041, 
    0.5523099303245544, 
    0.3188454210758209, 
    0.3219430446624756, 
    0.43085744976997375, 
    0.5417922139167786, 
    0.5307213664054871, 
    0.4682753086090088, 
    0.23125146329402924, 
    0.3638957738876343, 
    0.13245441019535065, 
    0.5594558119773865, 
    0.13036127388477325, 
    0.5082515478134155, 
    0.5186038613319397, 
    0.09517813473939896, 
    0.46353620290756226, 
    0.3967631757259369, 
    0.3549705445766449, 
    0.451386958360672, 
    0.08200989663600922, 
    0.5110272169113159, 
    0.4647056758403778, 
    0.5191813707351685, 
    0.3948880434036255, 
    0.4020531475543976, 
    0.752341091632843, 
    0.142434224486351, 
    0.4659353494644165, 
    0.21325983107089996, 
    0.4819521903991699, 
    0.12672290205955505, 
    0.586969792842865, 
    0.43703779578208923, 
    0.1790306270122528, 
    0.14720217883586884, 
    0.5202240943908691, 
    0.5463958382606506, 
    0.5022584199905396, 
    0.5396186113357544, 
    0.4025689959526062, 
    0.4909670054912567, 
    0.3667902946472168, 
    0.30042964220046997, 
    0.45452073216438293, 
    0.5217617154121399, 
    0.49526822566986084, 
    0.5543156266212463, 
    0.39026787877082825, 
    0.5089922547340393, 
    0.49164122343063354, 
    0.5626527667045593, 
    0.44365644454956055, 
    0.41963908076286316, 
    0.4977133870124817, 
    0.4115544557571411, 
    0.16147270798683167, 
    0.4099118411540985, 
    0.40818798542022705, 
    0.49222415685653687, 
    0.47618672251701355, 
    0.4266854524612427, 
    0.37144649028778076, 
    0.4760269522666931, 
    0.5378040671348572, 
    0.4811221659183502, 
    0.5201478600502014, 
    0.4202999770641327, 
    0.4420367479324341, 
    0.16866135597229004, 
    0.538595974445343, 
    0.19627898931503296, 
    0.22167791426181793, 
    0.2383938580751419, 
    0.19281990826129913, 
    0.2048197090625763, 
    0.3998602032661438, 
    0.5072286128997803, 
    0.11913882941007614, 
    0.43413853645324707, 
    0.49125775694847107, 
    0.24538053572177887, 
    0.42633697390556335, 
    0.1293141096830368, 
    0.577083170413971, 
    0.5624553561210632, 
    0.6734182834625244, 
    0.41414788365364075, 
    0.22584231197834015, 
    0.42736682295799255, 
    0.1717001050710678, 
    0.14733462035655975, 
    0.38832801580429077, 
    0.29662784934043884, 
    0.49044984579086304, 
    0.5779056549072266, 
    0.1425740271806717, 
    0.5312423706054688, 
    0.4244641363620758, 
    0.20629814267158508, 
    0.5445069074630737, 
    0.47236865758895874, 
    0.4535326063632965, 
    0.31353262066841125, 
    0.3403705060482025, 
    0.241224005818367
]