[
    0.12378551810979843, 
    -0.000649601744953543, 
    0.6375584602355957, 
    0.2804846167564392, 
    0.9626083374023438, 
    0.31237244606018066, 
    0.4830671548843384, 
    0.7688605189323425, 
    0.3557055592536926, 
    0.3506430387496948, 
    0.9450644254684448, 
    0.8966751098632812, 
    0.20927540957927704, 
    0.24977195262908936, 
    0.9681944847106934, 
    0.8299408555030823, 
    0.20800553262233734, 
    0.6527338027954102, 
    0.5313470959663391, 
    0.2746835947036743, 
    0.942587673664093, 
    0.2974206805229187, 
    -0.00041827725362963974, 
    0.1564968079328537, 
    0.33250755071640015, 
    0.4950936734676361, 
    0.9029281139373779, 
    0.4518488645553589, 
    0.2310706079006195, 
    0.5625173449516296, 
    0.4506821632385254, 
    0.10293098539113998, 
    0.11542888730764389, 
    0.2072884887456894, 
    0.16072914004325867, 
    0.7113439440727234, 
    0.7903944849967957, 
    0.7043502330780029, 
    0.27550700306892395, 
    0.8498547077178955, 
    0.2942211925983429, 
    0.7495264410972595, 
    0.16413749754428864, 
    0.2697156071662903, 
    0.42284274101257324, 
    0.896182656288147, 
    0.5837447643280029, 
    0.2730370759963989, 
    0.1837548315525055, 
    0.15833918750286102, 
    0.11990412324666977, 
    0.18862342834472656, 
    0.3405233919620514, 
    0.44130566716194153, 
    0.21655260026454926, 
    0.38701799511909485, 
    0.03255430608987808, 
    0.5180463194847107, 
    0.6615746021270752, 
    0.0004407058877404779, 
    0.009203508496284485, 
    0.3567206561565399, 
    0.2635807693004608, 
    0.41342225670814514
]