[
    0.26584047079086304, 
    0.5561427474021912, 
    0.19572322070598602, 
    0.39708325266838074, 
    0.46165454387664795, 
    0.5233888030052185, 
    0.3489128351211548, 
    0.4089643359184265, 
    0.2935146689414978, 
    0.34319645166397095, 
    0.20301036536693573, 
    0.33595725893974304, 
    0.34234750270843506, 
    0.4244026839733124, 
    0.38780677318573, 
    0.23305752873420715, 
    0.32689082622528076, 
    0.42560678720474243, 
    0.21493396162986755, 
    0.33478885889053345, 
    0.3470240831375122, 
    0.2506820559501648, 
    0.1906713843345642, 
    0.007350333966314793, 
    0.37965258955955505, 
    0.20173244178295135, 
    0.4074649214744568, 
    0.3832871615886688, 
    0.4803113341331482, 
    0.16233444213867188, 
    0.48033562302589417, 
    0.2567809224128723, 
    0.34505128860473633, 
    0.41515693068504333, 
    0.2905522286891937, 
    0.18256935477256775, 
    0.16144530475139618, 
    0.22408710420131683, 
    0.49461549520492554, 
    0.2732498347759247, 
    0.3787172734737396, 
    0.3391655385494232, 
    0.2634090483188629, 
    0.30355092883110046, 
    0.3414268493652344, 
    0.5558748841285706, 
    0.5168660879135132, 
    0.24005697667598724, 
    0.3676168918609619, 
    0.15940040349960327, 
    0.20322611927986145, 
    0.13341501355171204, 
    0.298781156539917, 
    0.3441162109375, 
    0.35512250661849976, 
    0.46673768758773804, 
    0.28822964429855347, 
    0.24173355102539062, 
    0.436987042427063, 
    0.35946953296661377, 
    0.37111523747444153, 
    0.42549043893814087, 
    0.5854772925376892, 
    0.34735551476478577, 
    0.4201790392398834, 
    0.532236635684967, 
    0.3208916485309601, 
    0.4064251184463501, 
    0.31886404752731323, 
    0.2587660253047943, 
    0.25006890296936035, 
    0.11147313565015793, 
    0.2147209346294403, 
    0.2711741328239441, 
    0.29215356707572937, 
    0.246188223361969, 
    0.2053762823343277, 
    0.2082109898328781, 
    0.20531658828258514, 
    0.2064475268125534, 
    0.498264878988266, 
    0.28045573830604553, 
    0.27194976806640625, 
    0.3438710868358612, 
    0.3225288987159729, 
    0.24625034630298615, 
    0.31760314106941223, 
    0.3536386489868164, 
    0.20400454103946686, 
    0.5408585667610168, 
    0.22122161090373993, 
    0.35202813148498535, 
    0.20018233358860016, 
    0.5254079103469849, 
    0.32401055097579956, 
    0.3216939866542816, 
    0.24680909514427185, 
    0.28400224447250366, 
    0.27861666679382324, 
    0.23152479529380798, 
    0.20728962123394012, 
    0.5020459890365601, 
    0.17279885709285736, 
    0.3318004310131073, 
    0.60154789686203, 
    0.3821104168891907, 
    0.30031999945640564, 
    0.09803880006074905, 
    0.3644986152648926, 
    0.25893256068229675, 
    0.2580123841762543, 
    0.18040943145751953, 
    0.21528100967407227, 
    0.2750445008277893, 
    0.43205463886260986, 
    0.3374023139476776, 
    0.3323175609111786, 
    0.46124032139778137, 
    0.3484325706958771, 
    0.41399282217025757, 
    0.22662974894046783, 
    0.3536221981048584, 
    0.347575843334198, 
    0.3004717528820038, 
    0.184003546833992, 
    0.3616431653499603, 
    0.002367469947785139, 
    0.5005002021789551
]