[
    0.029036523774266243, 
    0.2189164012670517, 
    -0.15473192930221558, 
    -0.0164610855281353, 
    0.48088976740837097, 
    -0.45581910014152527, 
    -0.002560879336670041, 
    0.48730167746543884, 
    -0.46420225501060486, 
    -0.12236186861991882, 
    0.27013424038887024, 
    -0.3106355667114258, 
    -0.14319570362567902, 
    1.0762485265731812, 
    -0.8698210716247559, 
    -0.07409057021141052, 
    0.9750818610191345, 
    -0.7738263010978699, 
    -0.013826410286128521, 
    0.0612223856151104, 
    -0.04775843024253845, 
    -0.0379985049366951, 
    0.23697780072689056, 
    -0.1465698927640915, 
    -0.030993130058050156, 
    0.19875667989253998, 
    -0.1786741018295288, 
    0.18346859514713287, 
    -0.03176049515604973, 
    -0.16071900725364685, 
    0.5569362640380859, 
    0.006379619240760803, 
    -0.6098694205284119, 
    0.31458136439323425, 
    0.056159671396017075, 
    -0.28138867020606995, 
    0.34560564160346985, 
    -0.0484967865049839, 
    -0.3733682632446289, 
    1.1160638332366943, 
    0.04862150922417641, 
    -1.2189710140228271, 
    0.4435494542121887, 
    0.04269200563430786, 
    -0.5276488661766052, 
    0.1130843535065651, 
    0.0021921645384281874, 
    -0.13591288030147552, 
    0.27449876070022583, 
    0.029242491349577904, 
    -0.32481658458709717, 
    0.08712255954742432, 
    0.03950444608926773, 
    -0.11366814374923706, 
    -0.10028035193681717, 
    0.2528987526893616, 
    0.306745320558548, 
    0.5957947969436646, 
    1.0831995010375977, 
    0.9134725332260132, 
    0.7359052896499634, 
    0.9405669569969177, 
    0.649298906326294, 
    -0.22393542528152466, 
    -0.3874801993370056, 
    -0.3637374937534332, 
    -0.295888751745224, 
    -0.4263101816177368, 
    -0.43353989720344543, 
    -0.27781397104263306, 
    -0.5235576629638672, 
    -0.48395222425460815, 
    0.20499245822429657, 
    -0.0006157089956104755, 
    -0.0253773033618927, 
    -0.248424232006073, 
    -0.4309327304363251, 
    -0.3702579736709595, 
    -0.272477388381958, 
    -0.3606795370578766, 
    -0.17397111654281616, 
    -0.004007567185908556, 
    -0.005364035721868277, 
    -0.0023975709918886423, 
    -0.006851088255643845, 
    -0.00631658686324954, 
    -0.004296657629311085, 
    -0.00643131835386157, 
    -0.005982148461043835, 
    0.002760504372417927, 
    -0.005913267843425274, 
    -0.0029691634699702263, 
    -0.0042347051203250885, 
    -0.00038216423126868904, 
    -0.0014333525905385613, 
    0.0039342595264315605, 
    -0.0013526827096939087, 
    -0.0008820866351015866, 
    0.002384563209488988, 
    0.00047268636990338564, 
    0.00540122389793396, 
    -0.0002411878522252664, 
    0.0007189316675066948, 
    -0.0021178864408284426, 
    0.0019792362581938505, 
    -0.001283123972825706, 
    0.0026139081455767155, 
    0.005681885872036219, 
    -0.35921433568000793, 
    0.2818465232849121, 
    0.370455801486969, 
    0.14168350398540497, 
    -0.8734428882598877, 
    -1.1836786270141602, 
    0.24732206761837006, 
    -1.0844515562057495, 
    -1.4939864873886108, 
    -0.24192370474338531, 
    0.10331035405397415, 
    0.240876704454422, 
    0.04419054090976715, 
    0.4017085134983063, 
    0.4066466987133026, 
    0.3369293510913849, 
    0.3647648096084595, 
    0.1769018918275833, 
    0.6052478551864624, 
    -0.36147812008857727, 
    -0.5945672392845154, 
    -0.19652009010314941, 
    0.42909854650497437, 
    0.7582220435142517, 
    -0.5712904930114746, 
    0.7037526965141296, 
    1.2692043781280518, 
    0.002759212628006935, 
    0.003382275579497218, 
    0.005917008500546217, 
    0.00467690359801054, 
    0.006399475038051605, 
    0.003635326400399208, 
    0.003039297182112932, 
    0.0031386567279696465, 
    0.005804865155369043, 
    -0.0026271375827491283, 
    -0.0037161982618272305, 
    0.00229882774874568, 
    -0.00012601495836861432, 
    0.0005075669614598155, 
    0.0015483000315725803, 
    -0.000513412116561085, 
    0.0014241035096347332, 
    0.004254516214132309, 
    -0.004036438185721636, 
    -0.0033731861039996147, 
    -0.0023703468032181263, 
    -0.0023405717220157385, 
    0.0038009709678590298, 
    0.00044829220860265195, 
    0.0015736180357635021, 
    0.002991625340655446, 
    0.004527929238975048, 
    -0.011471209116280079, 
    -0.02979309856891632, 
    0.06008365750312805, 
    -0.11859580874443054, 
    0.016237588599324226, 
    0.40104034543037415, 
    -0.073492631316185, 
    -0.013650809414684772, 
    0.32190558314323425, 
    -0.06512884795665741, 
    -0.015616951510310173, 
    0.07442274689674377, 
    -0.1739482283592224, 
    0.27596619725227356, 
    0.7529680132865906, 
    -0.1341315358877182, 
    0.15292133390903473, 
    0.5696278810501099, 
    0.006232839543372393, 
    -0.008382079191505909, 
    -0.06125307455658913, 
    -0.1582370549440384, 
    0.17570915818214417, 
    0.4302731156349182, 
    -0.23865647614002228, 
    -0.026441015303134918, 
    0.1902940273284912, 
    0.0021060705184936523, 
    0.0008727437816560268, 
    0.0037055513821542263, 
    0.0006808181060478091, 
    0.0003707725554704666, 
    -0.0021468878258019686, 
    -0.00689319521188736, 
    -0.01623915322124958, 
    -0.0327092707157135, 
    -0.002964165760204196, 
    -0.002697151154279709, 
    -0.002413945971056819, 
    -0.0018185485387220979, 
    -0.0032894890755414963, 
    -0.007501404266804457, 
    -0.009052128531038761, 
    -0.01552204042673111, 
    -0.03104408085346222, 
    0.004658025689423084, 
    0.0016696586972102523, 
    0.0011551184579730034, 
    0.002980919321998954, 
    0.0067548127844929695, 
    0.004272887483239174, 
    -0.0001484909444116056, 
    -0.009139434434473515, 
    -0.01549495942890644, 
    -0.21069864928722382, 
    -0.3866731822490692, 
    -0.13862182199954987, 
    -0.271990031003952, 
    -0.5428500175476074, 
    -0.1839844435453415, 
    0.5041549801826477, 
    0.8102118968963623, 
    0.4768059253692627, 
    -0.43834584951400757, 
    -0.78873211145401, 
    -0.31675368547439575, 
    -0.5311455726623535, 
    -0.9963954091072083, 
    -0.41731205582618713, 
    0.9884808659553528, 
    1.661731481552124, 
    0.8118161559104919, 
    -0.12536093592643738, 
    -0.14169883728027344, 
    -0.13879357278347015, 
    -0.09045977145433426, 
    -0.1927933543920517, 
    -0.1103159561753273, 
    0.2789146602153778, 
    0.3860448896884918, 
    0.18069909512996674, 
    0.147068053483963, 
    0.1562999188899994, 
    0.21941623091697693, 
    -0.021271513774991035, 
    -0.7690880298614502, 
    0.10234489291906357, 
    -0.022122466936707497, 
    -0.10697992146015167, 
    0.10011648386716843, 
    -0.07980979979038239, 
    -0.08619288355112076, 
    -0.08578736335039139, 
    -0.12895996868610382, 
    -0.9985012412071228, 
    -0.08826696127653122, 
    -0.07257632911205292, 
    -0.15946106612682343, 
    0.03060927987098694, 
    -0.018137343227863312, 
    0.09067507833242416, 
    -0.041458021849393845, 
    0.008578699082136154, 
    -0.4992743134498596, 
    0.12412763386964798, 
    -0.04072338342666626, 
    -0.06885433197021484, 
    0.0191368255764246, 
    -0.18160218000411987, 
    -0.16734421253204346, 
    -0.10814280062913895, 
    -0.360145628452301, 
    -0.30417749285697937, 
    -0.24613997340202332, 
    -0.19613675773143768, 
    -0.2020098716020584, 
    -0.13771677017211914, 
    0.732352077960968, 
    0.91249680519104, 
    0.569564938545227, 
    0.876521110534668, 
    1.0579097270965576, 
    0.7537523508071899, 
    0.544838547706604, 
    0.7434870004653931, 
    0.5707405209541321, 
    -0.5456143617630005, 
    -0.7495867013931274, 
    -0.5991695523262024, 
    -0.5308417677879333, 
    -0.7443300485610962, 
    -0.5400350689888, 
    -0.4126608371734619, 
    -0.56397944688797, 
    -0.3092869818210602, 
    0.0018742389511317015, 
    -0.0031853660475462675, 
    0.0017635495169088244, 
    -0.0005360019858926535, 
    -0.0002229522360721603, 
    -0.0023823995143175125, 
    -0.0016893669962882996, 
    -0.0004811123653780669, 
    -0.0025323769077658653, 
    0.00033695370075292885, 
    -0.003659353591501713, 
    0.0017581635620445013, 
    -0.0035581316333264112, 
    -0.003718335647135973, 
    -0.003109581535682082, 
    -0.00014434970216825604, 
    -0.00021457823459059, 
    0.0019868542440235615, 
    -0.002422321354970336, 
    -0.00038922124076634645, 
    2.3272974431165494e-05, 
    -0.0007750277291052043, 
    -0.0001413616701029241, 
    -0.0004767774953506887, 
    -0.0030172953847795725, 
    -0.0024940953589975834, 
    0.0008368543349206448, 
    0.025789059698581696, 
    0.06597204506397247, 
    0.017859000712633133, 
    0.0472116619348526, 
    -0.0972876325249672, 
    -0.5224716663360596, 
    0.09542510658502579, 
    0.12557202577590942, 
    -0.23186703026294708, 
    0.08955235779285431, 
    0.060545001178979874, 
    0.013570304028689861, 
    0.10614445805549622, 
    -0.33554738759994507, 
    -0.8290640115737915, 
    0.17708946764469147, 
    -0.02044229581952095, 
    -0.4613954424858093, 
    0.014096355997025967, 
    0.04748212546110153, 
    0.15635642409324646, 
    0.1028236523270607, 
    -0.116759292781353, 
    -0.40600723028182983, 
    0.12440676987171173, 
    -0.000836129707749933, 
    -0.2519223988056183, 
    0.34921401739120483, 
    0.8724415302276611, 
    0.5408280491828918, 
    -0.4227050244808197, 
    -0.8518791794776917, 
    -0.6629858016967773, 
    0.042257264256477356, 
    0.0796702653169632, 
    0.13219542801380157, 
    0.5677998065948486, 
    1.4205430746078491, 
    0.8495779037475586, 
    -0.8113330602645874, 
    -1.7269326448440552, 
    -1.3097914457321167, 
    0.17838002741336823, 
    0.41221511363983154, 
    0.3428697884082794, 
    0.16686274111270905, 
    0.3856000006198883, 
    0.199317067861557, 
    -0.23902510106563568, 
    -0.44746723771095276, 
    -0.3719981610774994, 
    0.05232788994908333, 
    0.11750093102455139, 
    0.12421271204948425, 
    0.005589175969362259, 
    0.005662898067384958, 
    0.005326775833964348, 
    0.0020689459051936865, 
    0.0037317154929041862, 
    0.0040550269186496735, 
    0.005057734902948141, 
    0.0069882250390946865, 
    -0.001023371354676783, 
    0.002654937095940113, 
    0.0010795497801154852, 
    0.0018026774050667882, 
    0.004848254844546318, 
    0.002232019091024995, 
    -0.0010658561950549483, 
    0.00010009646211983636, 
    0.00042020066757686436, 
    0.00011444272968219593, 
    -0.00328940711915493, 
    -0.0007875916198827326, 
    -0.0009811380878090858, 
    -0.0018323740223422647, 
    -0.0018187703099101782, 
    -0.00039137955172918737, 
    -8.181453267752659e-06, 
    0.0021117168944329023, 
    -0.001363955670967698, 
    -0.06865936517715454, 
    0.06734269112348557, 
    0.04435393959283829, 
    -0.02717895805835724, 
    0.11684083938598633, 
    0.011129631660878658, 
    -0.016195448115468025, 
    0.08116776496171951, 
    -0.014471469447016716, 
    0.1860412359237671, 
    0.15714533627033234, 
    0.048409003764390945, 
    0.16417880356311798, 
    0.09236274659633636, 
    -0.12626536190509796, 
    0.16209618747234344, 
    0.07459919899702072, 
    -0.12748773396015167, 
    -0.17179074883460999, 
    -0.3296254575252533, 
    -0.35744068026542664, 
    -0.19653256237506866, 
    -0.47172093391418457, 
    -0.6194060444831848, 
    -0.058621928095817566, 
    -0.300037682056427, 
    -0.38718175888061523, 
    -0.006583141162991524, 
    0.0011427063727751374, 
    4.944760803482495e-05, 
    -0.002501889830455184, 
    -0.003016496542841196, 
    0.0013607271248474717, 
    0.005964006297290325, 
    -0.0036949487403035164, 
    -0.0015501235611736774, 
    -0.005350502207875252, 
    -0.0034371307119727135, 
    -0.003834675531834364, 
    -0.0010932486038655043, 
    -0.0019278287654742599, 
    -0.0009701275266706944, 
    -0.0008487801533192396, 
    -0.0007631719927303493, 
    -0.0036810399033129215, 
    -0.008440118283033371, 
    -0.00048196775605902076, 
    -0.002353532239794731, 
    -0.00018428638577461243, 
    -0.0029748452361673117, 
    -0.004088946618139744, 
    0.0038805101066827774, 
    -0.003346644341945648, 
    -0.0026469328440725803, 
    -0.10082872211933136, 
    0.05936107411980629, 
    0.05073927715420723, 
    -0.028156235814094543, 
    0.3503367006778717, 
    0.26203352212905884, 
    0.08421334624290466, 
    0.2388678938150406, 
    0.15303495526313782, 
    -0.11491195112466812, 
    0.22441664338111877, 
    0.2487466037273407, 
    -0.004831607919186354, 
    0.6928744316101074, 
    0.5661020874977112, 
    0.09872353076934814, 
    0.4505540430545807, 
    0.3822808563709259, 
    0.033028557896614075, 
    0.03238842636346817, 
    0.017702685669064522, 
    -0.002056305529549718, 
    0.21252034604549408, 
    0.17893418669700623, 
    -0.028030745685100555, 
    0.15064892172813416, 
    0.15405824780464172, 
    -0.15904539823532104, 
    0.3328637182712555, 
    -0.14652211964130402, 
    -0.544020414352417, 
    0.7772735357284546, 
    -0.25415971875190735, 
    -0.4794275760650635, 
    0.6517512798309326, 
    -0.15243485569953918, 
    -0.14937005937099457, 
    0.6237891316413879, 
    -0.4275341033935547, 
    -0.8109288215637207, 
    1.425722599029541, 
    -0.6072326898574829, 
    -0.754021167755127, 
    1.0706974267959595, 
    -0.35843417048454285, 
    -0.005062465090304613, 
    0.16178198158740997, 
    -0.15998810529708862, 
    -0.2590871751308441, 
    0.46092772483825684, 
    -0.23205511271953583, 
    -0.2134283035993576, 
    0.3849092423915863, 
    -0.12251260131597519, 
    0.001265344093553722, 
    0.00010676868259906769, 
    0.00100281136110425, 
    -4.567858559312299e-05, 
    0.011777283623814583, 
    0.000986244180239737, 
    0.002435050206258893, 
    0.009966704063117504, 
    0.0014371343422681093, 
    0.0027067293412983418, 
    -6.418336852220818e-05, 
    0.003786409506574273, 
    0.0018533759284764528, 
    0.01051062997430563, 
    0.00038909315480850637, 
    0.004328694194555283, 
    0.013603053987026215, 
    0.004411371424794197, 
    -0.005977462977170944, 
    0.001667245291173458, 
    -0.00290609709918499, 
    -0.002632349729537964, 
    0.013536146841943264, 
    0.002651141257956624, 
    0.001075560925528407, 
    0.010250721126794815, 
    -0.0011788713745772839, 
    -0.002594202058389783, 
    -0.0022022821940481663, 
    -0.0029950356110930443, 
    -0.0036166647914797068, 
    -0.0026199929416179657, 
    -0.005672726314514875, 
    -0.0012963996268808842, 
    -0.0023771259002387524, 
    -0.0008000854286365211, 
    -0.004025939851999283, 
    -0.0033529899083077908, 
    -0.0018915034597739577, 
    -0.002531457459554076, 
    -0.004078479018062353, 
    -0.004883689805865288, 
    -0.0027046753093600273, 
    -0.00035794670111499727, 
    -0.00356552517041564, 
    3.376346649019979e-05, 
    -0.0038352813571691513, 
    -0.0037434168625622988, 
    -0.001599458628334105, 
    -0.0019083736697211862, 
    -0.0011436225613579154, 
    -0.004447977989912033, 
    -0.0016526508843526244, 
    -0.0014863667311146855, 
    -0.05621546879410744, 
    0.09584535658359528, 
    0.003961247857660055, 
    0.23278504610061646, 
    0.5970562100410461, 
    0.25013267993927, 
    -0.1762457638978958, 
    -0.7396719455718994, 
    -0.270120769739151, 
    -0.044261783361434937, 
    0.11609405279159546, 
    0.03623497858643532, 
    0.21832610666751862, 
    0.6504815220832825, 
    0.3020901679992676, 
    -0.23725660145282745, 
    -1.0026328563690186, 
    -0.3829673230648041, 
    -0.13404755294322968, 
    0.014087018556892872, 
    -0.09264485538005829, 
    0.09629090130329132, 
    0.39001044631004333, 
    0.13624392449855804, 
    -0.03622017800807953, 
    -0.43326666951179504, 
    -0.047778643667697906, 
    -0.3348819613456726, 
    -0.5573123693466187, 
    -0.5253329277038574, 
    -0.17711655795574188, 
    -0.3945341408252716, 
    -0.3521087169647217, 
    -0.09579076617956161, 
    -0.2786200940608978, 
    -0.28300178050994873, 
    0.3954344391822815, 
    0.9084458947181702, 
    0.8528933525085449, 
    0.6515646576881409, 
    1.2439110279083252, 
    1.2287143468856812, 
    0.38278698921203613, 
    0.8763279318809509, 
    0.8289322853088379, 
    -0.09480002522468567, 
    -0.34812116622924805, 
    -0.2644006907939911, 
    -0.4803718626499176, 
    -0.88393634557724, 
    -0.8457325100898743, 
    -0.24767911434173584, 
    -0.640159010887146, 
    -0.5809305906295776, 
    0.10254828631877899, 
    0.014453651383519173, 
    -0.07678653299808502, 
    0.23496103286743164, 
    0.2515425682067871, 
    -0.16145925223827362, 
    0.1475653201341629, 
    0.14896348118782043, 
    0.06820143014192581, 
    0.22525207698345184, 
    0.024168018251657486, 
    -0.31756535172462463, 
    0.35257500410079956, 
    0.5358023643493652, 
    -0.21857008337974548, 
    0.12113016843795776, 
    0.41730356216430664, 
    0.25114354491233826, 
    -0.029236560687422752, 
    -0.04059068486094475, 
    0.0017275020945817232, 
    0.09446971863508224, 
    0.1781625747680664, 
    -0.06981246173381805, 
    0.07958424836397171, 
    0.12895695865154266, 
    0.09645909070968628, 
    -0.0008599948487244546, 
    0.0022210844326764345, 
    0.0009701275266706944, 
    0.0019402550533413887, 
    0.0031951346900314093, 
    0.0014110618503764272, 
    -0.0002283150824951008, 
    0.0037958945613354445, 
    0.0019402550533413887, 
    8.412986062467098e-05, 
    0.004051446449011564, 
    0.0006441540899686515, 
    0.0036689797416329384, 
    0.003980125766247511, 
    0.001731240306980908, 
    0.00016788640641607344, 
    0.003621496260166168, 
    0.004583862144500017, 
    0.0008554905652999878, 
    -0.0020845667459070683, 
    0.004294998943805695, 
    0.0029690703377127647, 
    -0.001984974602237344, 
    0.003838140983134508, 
    -0.001663731294684112, 
    0.001932499697431922, 
    -0.0008764254744164646, 
    -0.14989064633846283, 
    -0.12347450852394104, 
    -0.2488679140806198, 
    -0.06502354890108109, 
    -0.06758186221122742, 
    -0.5744847655296326, 
    0.07115226238965988, 
    0.015644915401935577, 
    -0.32626667618751526, 
    -0.046251263469457626, 
    0.006725203711539507, 
    -0.1577732414007187, 
    -0.01680324785411358, 
    -0.0665830671787262, 
    -0.6021967530250549, 
    0.087553009390831, 
    -0.006467835046350956, 
    -0.3346700966358185, 
    0.06696885079145432, 
    0.17711800336837769, 
    0.17327935993671417, 
    0.024139685556292534, 
    0.1455623209476471, 
    -0.20081330835819244, 
    0.026031935587525368, 
    0.041376303881406784, 
    -0.12822741270065308, 
    0.005676476750522852, 
    0.003806447610259056, 
    0.00033745469409041107, 
    0.003670890349894762, 
    -0.0035528873559087515, 
    0.0034258896484971046, 
    -0.009191976860165596, 
    -0.015204058028757572, 
    0.0010479374323040247, 
    0.004476046655327082, 
    0.005703214090317488, 
    0.004795022774487734, 
    0.0006821055430918932, 
    -0.005341159179806709, 
    0.006592227146029472, 
    -0.01154332421720028, 
    -0.01728425920009613, 
    0.0014575072564184666, 
    -0.008712055161595345, 
    -0.0030588756781071424, 
    -0.010737326927483082, 
    -0.006245268043130636, 
    -0.006706475745886564, 
    -0.005389408674091101, 
    -0.010091515257954597, 
    -0.013885325752198696, 
    -0.0052085863426327705, 
    0.0016587607096880674, 
    -0.0002680510515347123, 
    -0.0030438120011240244, 
    0.003931583371013403, 
    0.0026044610422104597, 
    -0.002645905362442136, 
    0.002291328040882945, 
    -0.0003785475855693221, 
    -0.005270575638860464, 
    -0.0037313513457775116, 
    -0.003031125757843256, 
    -0.006558991502970457, 
    0.0014915321953594685, 
    -0.0027805278077721596, 
    -0.00552224600687623, 
    0.001137267448939383, 
    -0.002424072939902544, 
    -2.281406705151312e-05, 
    0.0022071166895329952, 
    -0.0033522392623126507, 
    -0.004173418041318655, 
    0.0016624325653538108, 
    0.0015655866591259837, 
    -0.002528419718146324, 
    0.002389314817264676, 
    -0.0011503698769956827, 
    -0.003311250824481249, 
    0.22295169532299042, 
    0.6470747590065002, 
    0.23100756108760834, 
    0.5802934765815735, 
    1.2001008987426758, 
    0.8130313158035278, 
    0.17547552287578583, 
    0.7208088040351868, 
    0.5078732371330261, 
    -0.1702437549829483, 
    -0.39420074224472046, 
    -0.24988612532615662, 
    -0.253336638212204, 
    -0.5351155400276184, 
    -0.4153844714164734, 
    -0.1006179079413414, 
    -0.2899191677570343, 
    -0.26731157302856445, 
    -0.0389285646378994, 
    -0.2465759813785553, 
    0.015108509920537472, 
    -0.34489068388938904, 
    -0.692536473274231, 
    -0.39337506890296936, 
    -0.10412272810935974, 
    -0.4199758470058441, 
    -0.24247191846370697, 
    -0.0846204161643982, 
    0.030213596299290657, 
    0.05754108354449272, 
    0.003666070057079196, 
    0.39126065373420715, 
    0.4286309480667114, 
    0.0900815948843956, 
    0.2603693902492523, 
    0.21235257387161255, 
    -0.21587909758090973, 
    -0.014178152196109295, 
    0.19746553897857666, 
    -0.011073920875787735, 
    0.6084663271903992, 
    0.6387109756469727, 
    0.050798412412405014, 
    0.3411845862865448, 
    0.34099966287612915, 
    -0.07389473170042038, 
    0.002968024928122759, 
    0.06942983716726303, 
    -0.007777097634971142, 
    0.14835458993911743, 
    0.19074539840221405, 
    0.04841572418808937, 
    0.09916330873966217, 
    0.08087434619665146, 
    0.004958624020218849, 
    0.006095514632761478, 
    0.002671274123713374, 
    0.0006971721886657178, 
    0.0003793048090301454, 
    0.007666455581784248, 
    0.0012385413283482194, 
    -0.00241525168530643, 
    0.0015597291057929397, 
    0.0003827526234090328, 
    0.0012000204296782613, 
    0.005903683137148619, 
    0.0014763871440663934, 
    0.0034007644280791283, 
    0.00782806146889925, 
    0.0010822516633197665, 
    0.0018157860031351447, 
    0.0005639133742079139, 
    0.0006452323286794126, 
    -0.0031333009246736765, 
    -0.0027927120681852102, 
    -0.001666444237343967, 
    -1.7768483303370886e-05, 
    0.003420899622142315, 
    0.0006509721279144287, 
    -0.003042871132493019, 
    0.00444454001262784, 
    -0.5527300238609314, 
    0.2890155017375946, 
    -0.002173775341361761, 
    -0.35999417304992676, 
    0.39937809109687805, 
    -0.01692275144159794, 
    -0.039413463324308395, 
    0.15082387626171112, 
    0.019382771104574203, 
    -0.8900577425956726, 
    0.5783765912055969, 
    0.20450323820114136, 
    -0.6992346048355103, 
    0.8233240246772766, 
    0.025460707023739815, 
    -0.10254887491464615, 
    0.2120675891637802, 
    -0.10134731233119965, 
    -0.24754087626934052, 
    0.1446506530046463, 
    0.07397867739200592, 
    -0.1770201027393341, 
    0.21551185846328735, 
    -0.015615031123161316, 
    -0.040549613535404205, 
    0.05349695309996605, 
    -0.02311612293124199
]