[
    0.017051493749022484, 
    0.014433745294809341, 
    0.00673622777685523, 
    0.007888482883572578, 
    0.010391776449978352, 
    0.01253614854067564, 
    0.005168282892554998, 
    0.005229208152741194, 
    0.003691514953970909, 
    0.006752409972250462, 
    0.010365629568696022, 
    0.02351897768676281, 
    0.005100233014672995, 
    0.00887366384267807, 
    0.007853668183088303, 
    0.015120157971978188, 
    0.008815137669444084, 
    0.014565529301762581, 
    0.00596035597845912, 
    0.005494888871908188, 
    0.00452521862462163, 
    0.005004100501537323, 
    0.004672340117394924, 
    0.004701044876128435, 
    0.010189144872128963, 
    0.005614171270281076, 
    0.012692312709987164, 
    0.008850996382534504, 
    0.010737837292253971, 
    0.010870290920138359, 
    0.015068331733345985, 
    0.01158691942691803, 
    0.007865170948207378, 
    0.003439098596572876, 
    0.003257803386077285, 
    0.007939225994050503, 
    0.0061934939585626125, 
    0.025998787954449654, 
    0.01543307863175869, 
    0.015913035720586777, 
    0.00774132227525115, 
    0.014079742133617401, 
    0.04736616462469101, 
    0.0060473959892988205, 
    0.0032559146638959646, 
    0.013973169960081577, 
    0.008638356812298298, 
    0.007174680940806866, 
    0.00746391573920846, 
    0.014815479516983032, 
    0.0016773544484749436, 
    0.004924389533698559, 
    0.0034937241580337286, 
    0.008596229366958141, 
    0.008280838839709759, 
    0.00716942036524415, 
    0.006795688532292843, 
    0.011156195774674416, 
    0.01510753482580185, 
    0.014084751717746258, 
    0.00583479180932045, 
    0.0016504303785040975, 
    0.008029193617403507, 
    0.004347589798271656, 
    0.0033551070373505354, 
    0.016059061512351036, 
    0.014506100676953793, 
    0.008267806842923164, 
    0.009382903575897217, 
    0.004504683893173933, 
    0.004734505899250507, 
    0.022722357884049416, 
    0.009266701526939869, 
    0.012330417521297932, 
    0.005184323526918888, 
    0.004830517340451479, 
    0.004304311238229275, 
    0.04492146149277687, 
    0.009575866162776947, 
    0.006308713927865028, 
    0.00372452475130558, 
    0.0028404095210134983, 
    0.002210338832810521, 
    0.006020938977599144, 
    0.006546034477651119, 
    0.0074403900653123856, 
    0.004901391454041004, 
    0.006496892310678959, 
    0.0034431968815624714, 
    0.01180257461965084, 
    0.0076812393963336945, 
    0.0075751678086817265, 
    0.004429613705724478, 
    0.004803201649338007, 
    0.005105056334286928, 
    0.01332079153507948, 
    0.0029681383166462183, 
    0.003922311123460531, 
    0.004282169975340366, 
    0.016085190698504448, 
    0.007109930273145437, 
    0.005804989952594042, 
    0.008619032800197601, 
    0.006067283917218447, 
    0.004726990591734648, 
    0.002965284511446953, 
    0.011141428723931313, 
    0.006324639078229666, 
    0.0035926527343690395, 
    0.0036008672323077917, 
    0.009882339276373386, 
    0.004942985251545906, 
    0.040562309324741364, 
    0.008558441884815693, 
    0.00734666408970952, 
    0.03250160440802574, 
    0.005991232115775347, 
    0.010060332715511322, 
    0.007156946696341038, 
    0.007459330838173628, 
    0.0037886914797127247, 
    0.007899505086243153, 
    0.008300943300127983, 
    0.021487046033143997, 
    0.00729379104450345, 
    0.0170889962464571, 
    0.005792856216430664, 
    0.005640614312142134, 
    0.009695903398096561, 
    0.007693215273320675, 
    0.008660005405545235, 
    0.005923463962972164, 
    0.015834111720323563, 
    0.005538847763091326, 
    0.005605409853160381, 
    0.002312440425157547, 
    0.004869796335697174, 
    0.005423306953161955, 
    0.0107843903824687, 
    0.0015944206388667226, 
    0.00542477099224925, 
    0.02298366092145443, 
    0.005254925228655338, 
    0.007997780106961727, 
    0.006734307389706373, 
    0.013047956861555576, 
    0.00613603787496686, 
    0.006179776508361101, 
    0.010176518931984901, 
    0.0054692961275577545, 
    0.009205450303852558, 
    0.009440365247428417, 
    0.010229946114122868, 
    0.005721713416278362, 
    0.0036918544210493565, 
    0.005070679355412722, 
    0.00499139865860343, 
    0.003869944717735052, 
    0.0023515208158642054, 
    0.012508021667599678, 
    0.00658336142078042, 
    0.007049625273793936, 
    0.005986029282212257, 
    0.006045937538146973, 
    0.004805917385965586, 
    0.003741397289559245, 
    0.0020935586653649807, 
    0.005704818293452263, 
    0.003477873746305704, 
    0.008475162088871002, 
    0.008617940358817577, 
    0.006752760149538517, 
    0.027052510529756546, 
    0.013916248455643654, 
    5.605193857299268e-45, 
    0.00962311401963234, 
    0.021141013130545616, 
    0.012671224772930145, 
    0.010269911028444767, 
    0.010362627916038036, 
    0.007273715455085039, 
    0.008573947474360466, 
    0.0117105133831501, 
    0.015222323127090931, 
    0.003408594522625208, 
    0.00654958188533783, 
    0.006791004445403814, 
    0.0100440988317132, 
    0.004572879057377577, 
    0.005819459445774555, 
    0.00569142634049058, 
    0.006532702129334211, 
    0.0138647286221385, 
    0.005513556767255068, 
    0.010451072826981544, 
    0.008643178269267082, 
    0.00929117389023304, 
    0.01289581973105669, 
    0.012733330950140953, 
    0.006139501463621855, 
    0.00957080814987421, 
    0.009156824089586735, 
    0.005469904281198978, 
    0.008281211368739605, 
    0.013490728102624416, 
    0.018073223531246185, 
    0.005241232458502054, 
    0.00424383906647563, 
    0.00661099050194025, 
    0.0049384222365915775, 
    0.0019168759463354945, 
    0.002753685927018523, 
    0.005722513888031244, 
    0.007840967737138271, 
    0.007956857793033123, 
    0.0046327365562319756, 
    0.011973163112998009, 
    0.010767659172415733, 
    0.023443691432476044, 
    0.005961618386209011, 
    0.007405266631394625, 
    0.009056005626916885, 
    0.0022815230768173933, 
    0.009443152695894241, 
    0.008393961004912853, 
    0.007707950659096241, 
    0.004411176312714815, 
    0.02217896655201912, 
    0.00884193554520607, 
    0.01237113494426012, 
    0.00426729628816247, 
    0.011096088215708733, 
    0.0033813160844147205, 
    0.0064357672818005085, 
    0.0062127141281962395, 
    0.005480949301272631, 
    0.009310727007687092, 
    0.009320593439042568, 
    0.005641899071633816, 
    0.011114455759525299, 
    0.003492653137072921, 
    0.009405823424458504, 
    0.005963298957794905, 
    0.005101161543279886, 
    0.009968414902687073, 
    0.004105399362742901, 
    0.010942110791802406, 
    0.0029752335976809263, 
    0.06814901530742645, 
    0.00881356280297041, 
    0.0233738012611866, 
    0.028599154204130173, 
    0.011649422347545624, 
    0.006472666747868061, 
    0.008460073731839657, 
    0.014330963604152203, 
    0.005684870760887861, 
    0.007832693867385387, 
    0.008933335542678833, 
    0.003162088105455041, 
    0.00986993033438921, 
    0.011398132890462875, 
    0.008075112476944923, 
    0.004534751642495394, 
    0.006899417378008366, 
    0.0022620733361691236, 
    0.007108786609023809, 
    0.008218719623982906, 
    0.018770230934023857, 
    5.605193857299268e-45, 
    0.01867520622909069, 
    0.006524739321321249, 
    0.007119022309780121, 
    0.011161749251186848, 
    0.007624587509781122, 
    0.004504104144871235, 
    0.005551745183765888, 
    0.003580743446946144, 
    0.009897665120661259, 
    0.007870541885495186, 
    0.012543021701276302, 
    0.007492561358958483, 
    0.006497439928352833, 
    0.011405063793063164, 
    0.009371459484100342, 
    0.01259474828839302, 
    0.008041991852223873, 
    0.00954692903906107, 
    0.010929295793175697, 
    0.007376421242952347, 
    0.006549546495079994, 
    0.00958490464836359, 
    0.009091871790587902, 
    0.009467437863349915, 
    0.005569774657487869, 
    0.005673248320817947, 
    0.00781269371509552, 
    0.007450107019394636, 
    0.011679286137223244, 
    0.005951969884335995, 
    0.007793120574206114, 
    0.006642803084105253, 
    0.04324192553758621, 
    0.007434677332639694, 
    0.006096893921494484, 
    0.007298188749700785, 
    0.010965833440423012, 
    0.004325942602008581, 
    0.0050725555047392845, 
    0.004874334670603275, 
    0.004557428415864706, 
    0.007749748881906271, 
    0.006214808207005262, 
    0.007145421579480171, 
    0.005590240005403757, 
    0.011870953254401684, 
    0.0045287287794053555, 
    0.008069716393947601, 
    0.005834018811583519, 
    0.010397421196103096, 
    0.012082738801836967, 
    0.0068371188826859, 
    0.00556735135614872, 
    0.007298464421182871, 
    0.014353699050843716, 
    0.008004504255950451, 
    0.002728953491896391, 
    0.010747665539383888, 
    0.005515445955097675, 
    0.006516755558550358, 
    0.01696540042757988, 
    0.007842574268579483, 
    0.013375269249081612, 
    0.010941374115645885, 
    0.01284903846681118, 
    0.006957797333598137, 
    0.012050551362335682, 
    0.0076583875343203545, 
    0.05234484374523163, 
    0.009844194166362286, 
    0.019344428554177284, 
    0.004317959770560265, 
    0.013168200850486755, 
    0.00816200952976942, 
    0.00918920710682869, 
    0.004222371615469456, 
    0.006744182202965021, 
    0.008181573823094368, 
    0.0049225646071136, 
    0.006771770305931568, 
    0.008835532702505589, 
    0.023532351478934288, 
    0.006786467973142862, 
    0.010354298166930676, 
    0.007071270141750574, 
    0.0047409189864993095, 
    0.003833644324913621, 
    0.004412504844367504, 
    0.005084900185465813, 
    0.007654882501810789, 
    0.004933550022542477, 
    0.011843051761388779, 
    0.004052568227052689, 
    0.003758156904950738, 
    0.007260436192154884, 
    0.005542546045035124, 
    0.004420209210366011, 
    0.031643908470869064, 
    0.009896321222186089, 
    0.006217384245246649, 
    0.010068600997328758, 
    0.0032508943695575, 
    0.007790637202560902, 
    0.009570799767971039, 
    0.004499816335737705, 
    0.006541313603520393, 
    0.006696767173707485, 
    0.0069450861774384975, 
    0.014985162764787674, 
    0.00554337864741683, 
    0.01413782313466072, 
    0.005176653619855642, 
    0.005879160948097706, 
    0.009080911055207253, 
    0.009987006895244122, 
    0.013335568830370903, 
    0.009001095779240131, 
    0.006143034901469946, 
    0.015852313488721848, 
    0.015848269686102867, 
    0.0035790465772151947, 
    0.012446735054254532, 
    0.007663505617529154, 
    0.010243566706776619, 
    0.00844883918762207, 
    0.0048941741697490215, 
    0.010285674594342709, 
    0.005102463532239199, 
    0.0023679169826209545, 
    0.010241559706628323, 
    0.005990834906697273, 
    0.004270234610885382, 
    0.0050406125374138355, 
    0.007665345910936594, 
    0.006828394718468189, 
    0.007126770447939634, 
    0.01137892808765173, 
    0.004947449080646038, 
    0.01419707853347063, 
    0.012281020171940327, 
    0.00583485746756196, 
    0.008639870211482048, 
    0.003929170314222574, 
    0.009114621207118034, 
    0.004010801203548908, 
    0.008878158405423164, 
    0.010170096531510353, 
    0.004499687347561121, 
    0.013660058379173279, 
    0.01169851329177618, 
    0.006769552826881409, 
    0.0020980630069971085, 
    0.004547289106994867, 
    0.0047064716927707195, 
    0.018071182072162628, 
    0.006456469185650349, 
    0.010916369967162609, 
    0.005761956796050072, 
    0.009239668026566505, 
    0.008996495977044106, 
    0.010891875252127647, 
    0.002635398181155324, 
    0.006525285076349974, 
    0.00865685474127531, 
    0.005932350642979145, 
    0.004263458773493767, 
    0.006720743607729673, 
    0.00705466466024518, 
    0.014887452125549316, 
    0.007774992845952511, 
    0.025256745517253876, 
    0.01703377440571785, 
    0.009883049875497818, 
    0.005774758290499449, 
    0.010343948379158974, 
    0.010865145362913609, 
    0.003526396583765745, 
    0.006434519309550524, 
    0.0043034362606704235, 
    0.0331588052213192, 
    0.007895851507782936, 
    0.0068173278123140335, 
    0.008884431794285774, 
    0.0076281107030808926, 
    0.008758725598454475, 
    0.010942506603896618, 
    0.05095214396715164, 
    0.010756956413388252, 
    0.002931066555902362, 
    0.004196548368781805, 
    0.007408530917018652, 
    0.004306572489440441, 
    0.015221639536321163, 
    0.0056933010928332806, 
    0.0118559580296278, 
    0.0018276317277923226, 
    0.008808840066194534, 
    0.011555296368896961, 
    0.029831022024154663, 
    0.0069304415956139565, 
    0.00842984113842249, 
    0.0044038668274879456, 
    0.009487819857895374, 
    0.01566263847053051, 
    0.008546157740056515, 
    0.007951135747134686, 
    0.005332746542990208, 
    0.0058357021771371365, 
    0.00866440124809742, 
    0.015352322719991207, 
    0.007265081629157066, 
    0.010285306721925735, 
    0.005622995551675558, 
    0.01239711418747902, 
    0.00641300855204463, 
    0.01708679459989071, 
    0.014041737653315067, 
    0.015604077838361263, 
    0.015519249252974987, 
    0.0060900128446519375, 
    0.006141450256109238, 
    0.004726937040686607, 
    0.0081684784963727, 
    0.0024564105551689863, 
    0.0052835047245025635, 
    0.007213667035102844, 
    0.011064834892749786, 
    0.006858138367533684, 
    5.605193857299268e-45, 
    0.012297405861318111, 
    0.004408593289554119, 
    0.005043087527155876, 
    0.0012055690167471766, 
    0.007052071392536163, 
    0.004702262580394745, 
    0.007891717366874218, 
    0.008547249250113964, 
    0.023964229971170425, 
    0.012538226321339607, 
    0.004103216342628002, 
    0.004880200605839491, 
    0.005037492141127586
]