[
    -0.03334273025393486, 
    0.09149172157049179, 
    -0.2908652424812317, 
    0.4942111372947693, 
    0.552761435508728, 
    0.7735632061958313, 
    -0.08902034908533096, 
    -0.08474048227071762, 
    0.4320067763328552, 
    -0.0923207625746727, 
    0.4536946713924408, 
    -0.18845847249031067, 
    0.1816176176071167, 
    -0.058006852865219116, 
    -0.6725409030914307, 
    0.00022860300668980926, 
    0.31245318055152893, 
    -0.3432285189628601, 
    0.1847233772277832, 
    0.660646378993988, 
    0.5990587472915649, 
    -0.31711098551750183, 
    0.01932925172150135, 
    -1.046262502670288, 
    0.12949201464653015, 
    -0.1190696656703949, 
    -0.2745826840400696, 
    0.45446908473968506, 
    0.14221099019050598, 
    0.1579521745443344, 
    -0.08361378312110901, 
    -0.07539065182209015, 
    -0.005177828948944807, 
    -0.3600256145000458, 
    -0.009621289558708668, 
    -0.016463356092572212, 
    -0.48758402466773987, 
    -0.04442748799920082, 
    0.4146856963634491, 
    -0.20121976733207703, 
    0.028747892007231712, 
    0.35589468479156494, 
    -0.1439410299062729, 
    -0.6485406160354614, 
    0.45971256494522095, 
    0.7252081036567688, 
    0.47123560309410095, 
    0.3709161877632141, 
    -0.06285831332206726, 
    -0.5172820687294006, 
    0.2323310375213623, 
    -0.5433743000030518, 
    -0.2514428496360779, 
    -0.0197177492082119, 
    0.01183396577835083, 
    0.006586207076907158, 
    0.2486252337694168, 
    -0.13113166391849518, 
    -0.4178655743598938, 
    -0.2896287441253662, 
    0.28460511565208435, 
    -0.07412213087081909, 
    0.451330304145813, 
    0.8607429265975952, 
    0.39462360739707947, 
    0.51994788646698, 
    0.7088657021522522, 
    0.32703691720962524, 
    0.28779661655426025, 
    0.6751853823661804, 
    -0.06593876332044601, 
    -0.05954625457525253, 
    0.380310982465744, 
    0.5232319235801697, 
    0.006880263332277536, 
    0.29181408882141113, 
    -0.06176026910543442, 
    0.3539119362831116, 
    -0.10112140327692032, 
    0.376821905374527, 
    0.22229695320129395, 
    0.05031617730855942, 
    0.15613652765750885, 
    -0.25596413016319275, 
    -0.3949124217033386, 
    0.021278856322169304, 
    1.0507246255874634, 
    -0.36869579553604126, 
    0.5364444255828857, 
    -0.07568971067667007, 
    -0.01222116220742464, 
    -0.44108808040618896, 
    0.44870635867118835, 
    0.11727134138345718, 
    -0.3578929305076599, 
    -0.68877112865448, 
    0.09596450626850128, 
    -0.2589026391506195, 
    0.06028062477707863, 
    -0.47730666399002075, 
    -0.18980532884597778, 
    -0.07805755734443665, 
    0.11531856656074524, 
    0.7776570320129395, 
    -0.7058666348457336, 
    -0.7469344139099121, 
    -0.3122781813144684, 
    0.2083381563425064, 
    0.232939213514328, 
    -0.6317930817604065, 
    1.0013539791107178, 
    -0.10867555439472198, 
    0.021072564646601677, 
    -0.07222790271043777, 
    -0.11010479927062988, 
    0.3311750888824463, 
    0.006855987478047609, 
    -0.08825767040252686, 
    0.12660561501979828, 
    -0.11317483335733414, 
    0.21330755949020386, 
    -0.09211266040802002, 
    0.7626140713691711, 
    0.5825009346008301, 
    0.21611247956752777, 
    0.833581268787384, 
    0.8364702463150024, 
    0.22441180050373077, 
    0.3390030860900879, 
    -0.05696406960487366, 
    0.20185139775276184, 
    -0.06805875152349472, 
    -0.2141200453042984, 
    0.49133095145225525, 
    -0.1752687245607376, 
    -0.2247278243303299, 
    1.1130892038345337, 
    -0.19509579241275787, 
    0.6081823706626892, 
    0.6142747402191162, 
    -0.45859506726264954, 
    0.05739746242761612, 
    0.0792074128985405, 
    0.2792055904865265, 
    -0.13461431860923767, 
    -0.08473595976829529, 
    0.18098144233226776, 
    -0.7055967450141907, 
    -0.03627685829997063, 
    -0.059953153133392334, 
    -0.12195723503828049, 
    -0.4893891513347626, 
    -0.8214247822761536, 
    0.03258485347032547, 
    -0.3631590008735657, 
    -0.1569298803806305, 
    -0.44193652272224426, 
    0.44728222489356995, 
    0.07960346341133118, 
    0.1371307522058487, 
    -0.3155469000339508, 
    -0.08471927046775818, 
    -0.2700670659542084, 
    0.14237798750400543, 
    0.49805378913879395, 
    -0.01829761452972889, 
    -0.39115816354751587, 
    0.3789961040019989, 
    -0.06862349063158035, 
    0.28719183802604675, 
    0.4008614420890808, 
    1.0556443929672241, 
    -0.7892233729362488, 
    -0.5588358640670776, 
    0.4320489764213562, 
    -0.4226131737232208, 
    -0.20714470744132996, 
    -0.37265828251838684, 
    0.06521183252334595, 
    0.5989847183227539, 
    1.0411221981048584, 
    0.5662356019020081, 
    0.5819801688194275, 
    0.33494094014167786, 
    0.12972436845302582, 
    0.38434842228889465, 
    0.11392650753259659, 
    0.2312076985836029, 
    -1.0252689123153687, 
    -0.3089011311531067, 
    0.26049163937568665, 
    0.15146394073963165, 
    -0.07050200551748276, 
    -0.12158512324094772, 
    -0.6786602735519409, 
    0.2050839364528656, 
    0.6383934617042542, 
    0.48235827684402466, 
    -0.05048920214176178, 
    0.5302950143814087, 
    0.3941743075847626, 
    0.12497210502624512, 
    -0.4168790876865387, 
    -0.2749476134777069, 
    -0.19139616191387177, 
    0.5258852243423462, 
    -0.4181259572505951, 
    0.19925999641418457, 
    0.3985948860645294, 
    -0.482710063457489, 
    0.6078889966011047, 
    0.016552135348320007, 
    0.048194341361522675, 
    0.4082837700843811, 
    -0.05884970724582672, 
    0.8576802611351013, 
    -0.21406079828739166, 
    0.380282461643219, 
    0.33071696758270264, 
    0.332623153924942, 
    0.21759016811847687, 
    0.2754564881324768, 
    0.5011595487594604, 
    0.1985226273536682, 
    0.1880182921886444, 
    0.03854545205831528, 
    0.05316843464970589, 
    0.721926748752594, 
    0.16024601459503174, 
    -0.24417062103748322, 
    0.8825885653495789, 
    -0.808952808380127, 
    -1.158026933670044, 
    -0.019364237785339355, 
    0.549711287021637, 
    -0.3229527175426483, 
    -0.31941258907318115, 
    -0.011829174123704433, 
    0.4129425883293152, 
    0.3101319670677185, 
    0.5945374369621277, 
    -0.585575520992279, 
    0.2514074444770813, 
    0.29581373929977417, 
    0.7532519102096558, 
    -0.24955147504806519, 
    0.6230800151824951, 
    0.2821265459060669, 
    0.01998475193977356, 
    -0.10619699954986572, 
    0.248201385140419, 
    -0.15801741182804108, 
    -0.20704424381256104, 
    0.7823191285133362, 
    -0.21830396354198456, 
    0.5154876112937927, 
    0.12433310598134995, 
    0.16848208010196686, 
    0.49488699436187744, 
    -0.20825916528701782, 
    -0.029535509645938873, 
    0.5192837715148926, 
    0.27737805247306824, 
    0.012670081108808517, 
    0.1517135202884674, 
    0.006153804250061512, 
    0.05528529733419418, 
    -0.36241671442985535, 
    0.10465513914823532, 
    0.3141053318977356, 
    -0.5605498552322388, 
    0.35994961857795715, 
    0.4645354747772217, 
    0.7903802990913391, 
    0.3904414772987366, 
    0.8857353329658508, 
    0.4809536933898926, 
    -0.2192084640264511, 
    0.46364009380340576, 
    0.7691580653190613, 
    0.009745270945131779, 
    0.5716097950935364, 
    0.07368987053632736, 
    -0.14493943750858307, 
    -0.2548540532588959, 
    0.21019136905670166, 
    0.2560800015926361, 
    -0.21555496752262115, 
    -0.1715834140777588, 
    0.10097583383321762, 
    0.027230000123381615, 
    0.24802233278751373, 
    -0.016475653275847435, 
    0.5501440763473511, 
    -0.1334548145532608, 
    -0.03831218183040619, 
    -0.22719793021678925, 
    0.12188167870044708, 
    0.029343675822019577, 
    -0.1701030731201172, 
    -0.1743129938840866, 
    -0.014240719377994537, 
    0.8501263856887817, 
    0.465390145778656, 
    0.0010113760363310575, 
    -0.22672849893569946, 
    -0.007095028646290302, 
    -0.16310839354991913, 
    0.3815150260925293, 
    0.5049744248390198, 
    -0.0805862620472908, 
    -0.1176130399107933, 
    0.003591914428398013, 
    0.24791787564754486, 
    0.2085355520248413, 
    0.53978431224823, 
    -0.17882564663887024, 
    0.1962021291255951, 
    2.445280075073242, 
    0.18196062743663788, 
    1.1441396474838257, 
    -0.34591439366340637, 
    1.5440975427627563, 
    0.5529261231422424, 
    -0.620162308216095, 
    -0.6849427819252014, 
    0.8458638191223145, 
    -0.428643137216568, 
    -0.40114516019821167, 
    0.5380597114562988, 
    1.2580819129943848, 
    0.6434100270271301, 
    0.4952053725719452, 
    -0.48089876770973206, 
    -0.4712919592857361, 
    -0.14599604904651642, 
    -0.23359058797359467, 
    0.8355225920677185, 
    -0.5834211707115173, 
    -0.43163084983825684, 
    -0.22866934537887573, 
    0.3142898380756378, 
    0.1489132195711136, 
    -0.3898390233516693, 
    -0.23661625385284424, 
    0.2885974943637848, 
    -0.3470305800437927, 
    -0.18896645307540894, 
    0.273175448179245, 
    0.9489397406578064, 
    0.36420029401779175, 
    -0.06310442835092545, 
    0.5782750248908997, 
    -0.123372383415699, 
    -0.029091322794556618, 
    0.08474017679691315, 
    -0.5580312609672546, 
    0.2036752849817276, 
    0.19892627000808716, 
    0.414014995098114, 
    -0.17243990302085876, 
    -0.09183398634195328, 
    0.39305979013442993, 
    0.5681335926055908, 
    -0.1762147843837738, 
    0.3576938509941101, 
    -0.06290828436613083, 
    -0.002053289208561182, 
    0.9042590260505676, 
    0.32079795002937317, 
    0.3499797284603119, 
    -0.050091445446014404, 
    0.41883912682533264, 
    0.011374875903129578, 
    -0.08095131814479828, 
    -0.20162251591682434, 
    0.17190483212471008, 
    -0.4546365439891815, 
    0.15071283280849457, 
    0.05483077093958855, 
    0.17740850150585175, 
    -0.5541707277297974, 
    0.35714080929756165, 
    -0.24444876611232758, 
    -0.004913918673992157, 
    0.4437088966369629, 
    0.7039085030555725, 
    0.004212779458612204, 
    -0.11576326191425323, 
    0.4607498347759247, 
    0.2422870695590973, 
    -0.08758394420146942, 
    0.4023284614086151, 
    0.22997158765792847, 
    0.37144935131073, 
    0.572820782661438, 
    0.4396463632583618, 
    0.5060516595840454, 
    -0.46579307317733765, 
    0.502616286277771, 
    -0.09913227707147598, 
    -0.7820014953613281, 
    0.41176098585128784, 
    -0.30296048521995544, 
    -0.37524503469467163, 
    0.10016170889139175, 
    0.9038309454917908, 
    -0.6233294010162354, 
    0.5907333493232727, 
    -0.04496139660477638, 
    -0.10411366075277328, 
    0.15153911709785461, 
    0.32876238226890564, 
    0.275297075510025, 
    -0.2205474078655243, 
    0.5788230299949646, 
    -0.575063943862915, 
    0.03136009722948074, 
    0.7312839031219482, 
    0.07276900112628937, 
    0.2603984773159027, 
    -0.2562762200832367, 
    0.48872822523117065, 
    0.22606495022773743, 
    0.39295580983161926, 
    0.6157119274139404, 
    -0.14521826803684235, 
    0.952042281627655, 
    0.1797405332326889, 
    -0.5629300475120544, 
    -0.6650134921073914, 
    -1.1326754093170166, 
    0.5586143136024475, 
    -0.3481657803058624, 
    0.5138213038444519, 
    -0.18219998478889465, 
    -0.5599178671836853, 
    -0.002232934581115842, 
    1.0894229412078857, 
    -0.12126564979553223, 
    1.0762649774551392, 
    0.2924829125404358, 
    0.8090774416923523, 
    0.15546655654907227, 
    -0.1233740821480751, 
    -0.26105937361717224, 
    -0.16944095492362976, 
    0.48952585458755493, 
    0.8625073432922363, 
    -0.028132552281022072, 
    0.219919353723526, 
    0.23882345855236053, 
    -0.3996236026287079, 
    -0.19087357819080353, 
    0.3840961456298828, 
    -0.049146510660648346, 
    0.23646648228168488, 
    0.27240538597106934, 
    0.13904401659965515, 
    0.8526380658149719, 
    -0.1437748521566391, 
    0.9051488637924194, 
    0.05600162222981453, 
    0.1360037475824356, 
    -0.13583402335643768, 
    0.3334055244922638, 
    -0.0019373411778360605, 
    0.15315915644168854, 
    -0.12459932267665863, 
    0.6490108966827393, 
    0.47306889295578003, 
    0.4943179786205292, 
    0.29227253794670105, 
    1.1603057384490967, 
    -0.11868732422590256, 
    -0.11447882652282715, 
    0.8815442323684692, 
    -0.32173529267311096, 
    0.49450162053108215, 
    0.474933922290802, 
    0.03604888916015625, 
    0.039565280079841614, 
    0.45772892236709595, 
    0.03683138266205788, 
    -0.011332814581692219, 
    0.21065111458301544, 
    -0.148837611079216, 
    -0.11844812333583832, 
    0.23142844438552856, 
    0.42187532782554626, 
    1.0491304397583008, 
    -0.13846805691719055, 
    0.42651838064193726, 
    0.1364327073097229, 
    -0.7020114660263062, 
    -0.3358774483203888, 
    0.7739952802658081, 
    0.45895761251449585, 
    -0.33135634660720825, 
    -0.3378394842147827, 
    1.8335057497024536, 
    0.3539718985557556, 
    -0.7278156280517578, 
    0.7988775372505188, 
    -0.5212688446044922, 
    0.4847351312637329, 
    0.6879677176475525, 
    0.28858470916748047, 
    -0.273383229970932, 
    0.30167585611343384, 
    -0.20858322083950043, 
    0.02096250094473362
]