[
    0.7051570415496826, 
    0.8997749090194702, 
    1.8018118143081665, 
    0.15139944851398468, 
    0.5328620076179504, 
    -0.003445542650297284, 
    0.6883496046066284, 
    -0.03104408085346222, 
    0.9484460949897766, 
    -0.11129018664360046, 
    0.4309553802013397, 
    -0.004086508881300688, 
    1.458331823348999, 
    1.2160224914550781, 
    0.16447044909000397, 
    0.8109177350997925, 
    -0.0065980395302176476, 
    0.4533613622188568, 
    0.633671224117279, 
    -0.015891166403889656, 
    -0.009288722649216652, 
    1.9525951147079468, 
    0.6226734519004822, 
    0.34534481167793274, 
    -0.005942345596849918, 
    -0.13457441329956055, 
    -0.010328521952033043, 
    -0.005190849769860506, 
    2.180659055709839, 
    0.30551502108573914, 
    -0.0055936588905751705, 
    1.0887435674667358
]