[
    -0.017813606187701225, 
    -0.23873290419578552, 
    0.23668910562992096, 
    0.2307911068201065, 
    -0.500381350517273, 
    0.06914462894201279, 
    0.1353684365749359, 
    0.4617478549480438, 
    0.14529593288898468, 
    -0.9082075357437134, 
    0.40738680958747864, 
    -0.7231950759887695, 
    0.1800784468650818, 
    0.13809654116630554, 
    0.14439933001995087, 
    -0.5033326745033264, 
    0.25552091002464294, 
    0.3892737030982971, 
    -0.49102044105529785, 
    0.24771006405353546, 
    0.4356948137283325, 
    -0.05092184245586395, 
    0.2759022116661072, 
    0.17463116347789764, 
    -0.06026526167988777, 
    0.15912124514579773, 
    0.31065690517425537, 
    0.4134160280227661, 
    -0.22993187606334686, 
    -0.09104808419942856, 
    0.3903732895851135, 
    0.10937819629907608, 
    -0.63628089427948, 
    0.0565185472369194, 
    0.3889399468898773, 
    -0.7934077382087708, 
    0.14030465483665466, 
    0.6685113906860352, 
    -0.5962150692939758, 
    0.4803570806980133, 
    -0.10073475539684296, 
    -0.731540322303772, 
    -0.37133899331092834, 
    -0.13465851545333862, 
    -0.05836139991879463, 
    -0.5605106353759766, 
    -0.25935429334640503, 
    -0.2811200022697449, 
    0.899800181388855, 
    -0.08418203890323639, 
    0.3774230480194092, 
    -0.06344277411699295, 
    0.1773306280374527, 
    -0.2829030156135559, 
    0.5533997416496277, 
    -0.5472822189331055, 
    0.6206952333450317, 
    0.01758023537695408, 
    0.171235591173172, 
    0.012175586074590683, 
    0.3710173964500427, 
    -0.48163533210754395, 
    -0.5343250632286072, 
    -0.22251783311367035, 
    0.39890357851982117, 
    0.18039989471435547, 
    0.047970645129680634, 
    0.12966673076152802, 
    -0.01858438178896904, 
    0.42773640155792236, 
    -0.0427953340113163, 
    -0.24028608202934265, 
    0.30288025736808777, 
    0.5773964524269104, 
    0.044740986078977585, 
    -0.5018778443336487, 
    0.2748872935771942, 
    0.5676264762878418, 
    -0.5405089259147644, 
    0.5249404311180115, 
    -0.1168489009141922, 
    0.10668663680553436, 
    -0.37635472416877747, 
    -0.08567523211240768, 
    -0.3997597396373749, 
    -0.10186932981014252, 
    -0.46527114510536194, 
    0.21897399425506592, 
    -0.012079477310180664, 
    0.6431515216827393, 
    -0.5404040217399597, 
    -0.12845003604888916, 
    0.5860398411750793, 
    -0.11548321694135666, 
    -0.4953168034553528, 
    0.1554170846939087, 
    0.2153468132019043, 
    -0.5570850372314453, 
    0.6537479758262634, 
    -0.4873083829879761, 
    -0.2320013791322708, 
    -0.11673368513584137, 
    -0.0552966482937336, 
    -0.13255539536476135, 
    -0.11066510528326035, 
    -0.6162996888160706, 
    -0.04470116272568703, 
    -0.44784238934516907, 
    -0.0336313471198082, 
    -0.2935302257537842, 
    -0.57658851146698, 
    0.08720879256725311, 
    0.30389153957366943, 
    0.4343496561050415, 
    -0.2688685953617096, 
    0.5992087125778198, 
    0.250839501619339, 
    -0.5387714505195618, 
    0.02429513819515705, 
    0.13466355204582214, 
    0.16537360846996307, 
    0.18581397831439972, 
    0.09750515967607498, 
    0.41448360681533813, 
    0.11351827532052994, 
    0.38324424624443054, 
    0.36064964532852173, 
    -0.05057060718536377, 
    0.18452352285385132, 
    1.0122109651565552, 
    -0.43529319763183594, 
    0.2498309165239334, 
    -0.36892327666282654, 
    -0.5573648810386658, 
    -0.7334843277931213, 
    0.2461732178926468, 
    -0.08152741938829422, 
    0.4961089491844177, 
    -0.2592204809188843, 
    -0.9109126925468445, 
    -0.44603651762008667, 
    -0.2245643585920334, 
    0.2737956941127777, 
    -0.8209069967269897, 
    0.7177579402923584, 
    -0.5147817134857178, 
    0.2181321680545807, 
    1.113864779472351, 
    0.9809670448303223, 
    -0.03379496559500694, 
    -0.3495637774467468, 
    0.28133687376976013, 
    -0.3944500684738159, 
    0.4343617558479309, 
    -0.6366956233978271, 
    -0.029669733718037605, 
    -0.23178651928901672, 
    0.2285318374633789, 
    -0.13971994817256927, 
    0.12480558454990387, 
    -0.5263876914978027, 
    0.0625654011964798, 
    -0.04312952607870102, 
    0.5460161566734314, 
    -0.0014294827124103904, 
    0.36203616857528687, 
    -0.3382314145565033, 
    0.44373655319213867, 
    -0.5084054470062256, 
    -0.6699492335319519, 
    0.2107279747724533, 
    -0.24006639420986176, 
    0.1433425098657608, 
    0.15995295345783234, 
    -0.046398796141147614, 
    1.4832074642181396, 
    0.04868050292134285, 
    -0.1015559658408165, 
    0.12059570848941803, 
    1.0266586542129517, 
    -0.6016584634780884, 
    0.22090904414653778, 
    0.38882532715797424, 
    0.2232762724161148, 
    0.06549132615327835, 
    -0.12303390353918076, 
    -0.2427087426185608, 
    -0.6728187799453735, 
    0.8588041663169861, 
    -0.48270490765571594, 
    0.11312904953956604, 
    1.0310711860656738, 
    0.3120329976081848, 
    -0.41437825560569763, 
    0.5748924016952515, 
    0.08760866522789001, 
    0.14842429757118225, 
    -0.09979390352964401, 
    0.4371721148490906, 
    0.5561198592185974, 
    0.14693643152713776, 
    0.06567147374153137, 
    -0.35792917013168335, 
    -0.7438696026802063, 
    -0.23551547527313232, 
    -0.5175605416297913, 
    0.3223632574081421, 
    -1.255149245262146, 
    -0.7882410287857056, 
    -0.2677677571773529, 
    -0.40408363938331604, 
    -0.19851143658161163, 
    0.20490169525146484, 
    -0.6579513549804688, 
    0.41976994276046753, 
    -0.2709149122238159, 
    0.8312431573867798, 
    0.19039881229400635, 
    0.615877628326416, 
    -0.6237455606460571, 
    0.13895685970783234, 
    0.11538977175951004, 
    0.5559409856796265, 
    0.13966117799282074, 
    -0.23919998109340668, 
    -0.6541388630867004, 
    -0.03447123244404793, 
    -0.12556490302085876, 
    -0.5765106678009033, 
    0.41588297486305237, 
    0.5735623240470886, 
    -0.2206958681344986, 
    -0.0350024476647377, 
    0.2508387863636017, 
    0.17914150655269623, 
    -0.026251772418618202, 
    0.05972522124648094, 
    -0.05033184215426445, 
    0.34466826915740967, 
    0.6905208230018616, 
    0.11361194401979446, 
    -0.006356693804264069, 
    0.03607049956917763, 
    -0.7505885362625122, 
    -0.23520919680595398, 
    0.41787639260292053, 
    -0.004767658654600382, 
    0.26469865441322327, 
    0.4591819941997528, 
    -0.0903245359659195, 
    -0.10660335421562195, 
    0.42765331268310547, 
    -0.768243670463562, 
    -0.15555104613304138, 
    -0.6190879344940186, 
    0.012804515659809113, 
    0.2380848079919815, 
    -0.6063776612281799, 
    0.695598840713501, 
    -0.4994161128997803, 
    0.49445030093193054, 
    -0.43856871128082275, 
    -0.40272092819213867, 
    -0.48241478204727173, 
    0.18443313241004944, 
    0.4663894474506378, 
    -0.09565229713916779, 
    0.03456083685159683, 
    0.27840983867645264, 
    0.47010326385498047, 
    0.7008174657821655, 
    0.3007665276527405, 
    -0.4997740387916565, 
    -0.23335404694080353, 
    -0.2893056273460388, 
    -0.5006879568099976, 
    -0.17718608677387238, 
    0.015235809609293938, 
    0.2881273031234741, 
    0.10843604803085327, 
    -0.03486243635416031, 
    -0.20817822217941284, 
    0.06523870676755905, 
    -0.2785625159740448, 
    -0.47532904148101807, 
    0.7123476266860962, 
    1.124993085861206, 
    0.15774841606616974, 
    0.48074644804000854, 
    -0.10195711255073547, 
    0.35978537797927856, 
    0.5328642129898071, 
    0.35513997077941895, 
    -0.15974335372447968, 
    0.479586124420166, 
    0.06957864761352539, 
    -0.45436331629753113, 
    0.35798436403274536, 
    0.20255200564861298, 
    -0.3609713315963745, 
    0.09518954902887344, 
    -0.8536695837974548, 
    0.1464402675628662, 
    -0.2093636393547058, 
    -0.16932611167430878, 
    0.3885815143585205, 
    0.2876431941986084, 
    -0.09334936738014221, 
    0.08950533717870712, 
    -0.00845303200185299, 
    -0.18518736958503723, 
    0.048929352313280106, 
    -0.12334074079990387, 
    -0.00949504692107439, 
    -0.5309457778930664, 
    0.18302485346794128, 
    -0.4300791621208191, 
    0.9022318124771118, 
    0.09939368814229965, 
    -0.14690621197223663, 
    0.01962173730134964, 
    0.014614798128604889, 
    -0.3805626928806305, 
    -0.3594335615634918, 
    0.18445077538490295, 
    -0.34301936626434326, 
    0.10930988192558289, 
    -0.41456666588783264, 
    0.09003564715385437, 
    -0.2967642545700073, 
    0.19420507550239563, 
    0.4922286868095398, 
    0.14145377278327942, 
    0.9237428903579712, 
    0.007250781636685133, 
    0.08698718994855881, 
    0.6909962892532349, 
    -0.8285564184188843, 
    0.7788565754890442, 
    -0.021807339042425156, 
    -0.5654551386833191, 
    0.213455468416214, 
    0.3623736500740051, 
    -0.15335127711296082, 
    0.6601149439811707, 
    0.08103145658969879, 
    -0.0879838764667511, 
    0.023640476167201996, 
    -0.6288556456565857, 
    -0.18730419874191284, 
    1.003010869026184, 
    0.08742644637823105, 
    -0.0029737495351582766, 
    0.19406813383102417, 
    -0.18872703611850739, 
    0.01392537821084261, 
    -0.6534504294395447, 
    0.27330371737480164, 
    0.3228667676448822, 
    -0.10589998215436935, 
    0.0833224281668663, 
    0.11349815875291824, 
    -0.012875935062766075, 
    -0.12468231469392776, 
    0.5479020476341248, 
    0.23324546217918396, 
    0.21144744753837585, 
    0.44037482142448425, 
    -0.3086540102958679, 
    0.3216871917247772, 
    -0.5878727436065674, 
    0.45150819420814514, 
    -0.547126054763794, 
    0.3936988115310669, 
    -0.006016060709953308, 
    -0.4392261505126953, 
    0.20193064212799072, 
    -0.05872921273112297, 
    0.6641080379486084, 
    -0.33939942717552185, 
    -0.28800100088119507, 
    -0.04746003821492195, 
    -0.19403429329395294, 
    -0.011024944484233856, 
    0.3549475073814392, 
    0.08363428711891174, 
    -0.17221026122570038, 
    -0.42715832591056824, 
    0.18922840058803558, 
    0.18017248809337616, 
    -0.843597948551178, 
    -0.2809276878833771, 
    0.3906761109828949, 
    -0.5304149389266968, 
    0.2428855448961258, 
    -0.2820744514465332, 
    -0.22602714598178864, 
    -0.08813953399658203, 
    -0.38993796706199646, 
    0.3611792027950287, 
    -0.4900935888290405, 
    0.6990086436271667, 
    -0.3140622079372406, 
    0.10732001066207886, 
    -0.5236718654632568, 
    -0.22490030527114868, 
    -0.02262282557785511, 
    0.3821764290332794, 
    -0.16655582189559937, 
    -0.21570968627929688, 
    0.2585699260234833, 
    -0.15707644820213318, 
    0.19633014500141144, 
    0.12810827791690826, 
    -0.3228352963924408, 
    0.7628251314163208, 
    -0.24790823459625244, 
    -0.05208466574549675, 
    0.0315391980111599, 
    -0.4084513485431671, 
    0.44781365990638733, 
    0.13017940521240234, 
    -0.22029992938041687, 
    0.19593185186386108, 
    -0.17793361842632294, 
    0.06191075220704079, 
    -0.48535436391830444, 
    0.27683234214782715, 
    0.17456023395061493, 
    0.11116176843643188, 
    0.47244518995285034, 
    -0.3242737352848053, 
    -0.6587375402450562, 
    -0.4051748514175415, 
    -0.3744876980781555, 
    0.45355790853500366, 
    -0.14096751809120178, 
    -0.03343270346522331, 
    0.8596925139427185, 
    0.09394248574972153, 
    0.35016366839408875, 
    -0.31782546639442444, 
    -0.5206220746040344, 
    -0.08743990212678909, 
    -0.19488142430782318, 
    0.5620290040969849, 
    0.22464795410633087, 
    -0.6952224373817444, 
    0.220846027135849, 
    0.0852135568857193, 
    0.05285390093922615, 
    0.05159477889537811, 
    -0.10925203561782837, 
    0.08671270310878754, 
    0.17600496113300323, 
    0.5147905945777893, 
    -0.13977809250354767, 
    0.03541090339422226, 
    0.5237694978713989, 
    1.4101330041885376, 
    -0.1730840653181076, 
    0.47251710295677185, 
    0.11815544217824936, 
    0.043488193303346634, 
    0.19497960805892944, 
    -0.15034912526607513, 
    0.4043882489204407, 
    -0.051218029111623764, 
    0.6264844536781311, 
    0.12046999484300613, 
    0.23479804396629333, 
    -0.23170055449008942, 
    -0.5113269090652466, 
    -0.05466422438621521, 
    -0.13923192024230957, 
    0.020794184878468513, 
    0.5468521118164062, 
    1.401978850364685, 
    -0.3844030797481537, 
    0.6864417791366577, 
    -0.2731266915798187, 
    -0.12259721010923386, 
    -0.21355225145816803, 
    0.33234110474586487, 
    0.20559841394424438, 
    -0.22211217880249023, 
    0.18646006286144257, 
    0.7626016139984131, 
    0.04534284397959709, 
    -0.23031403124332428, 
    -0.31445854902267456, 
    -0.34511369466781616, 
    0.31133171916007996, 
    -0.44807684421539307, 
    0.3114643692970276, 
    0.018211135640740395, 
    0.7013736367225647, 
    0.3962045907974243, 
    -0.05612868815660477, 
    0.6743685007095337, 
    0.1294291764497757, 
    0.6500215530395508, 
    -0.7772719264030457, 
    0.17131926119327545, 
    0.0021103210747241974, 
    -0.10894116014242172, 
    0.336172491312027, 
    -0.40065228939056396, 
    0.033173490315675735, 
    -0.2919875681400299, 
    -0.3015928864479065, 
    -0.4394282400608063
]