[
    0.3683747351169586, 
    0.29634425044059753, 
    0.22820033133029938, 
    1.2265770435333252, 
    0.3889944851398468, 
    0.3421151340007782, 
    0.42466238141059875, 
    0.31957507133483887, 
    0.00039792704046703875, 
    0.6054659485816956, 
    0.36185893416404724, 
    0.4442431330680847, 
    0.2809443473815918, 
    0.46246960759162903, 
    0.3314887285232544, 
    0.43474075198173523, 
    0.17735272645950317, 
    0.6346319317817688, 
    0.30415070056915283, 
    0.3782593905925751, 
    0.4012332856655121, 
    0.27388301491737366, 
    0.6459176540374756, 
    0.17222264409065247, 
    0.5023679733276367, 
    0.28007057309150696, 
    0.2571132183074951, 
    0.2957246005535126, 
    0.36672139167785645, 
    0.4034350514411926, 
    0.5316789150238037, 
    0.4287078380584717, 
    0.23521660268306732, 
    0.831087052822113, 
    0.7160938382148743, 
    0.28810423612594604, 
    0.9260686635971069, 
    0.388763427734375, 
    0.49189409613609314, 
    0.19934231042861938, 
    0.23783621191978455, 
    0.1986904889345169, 
    0.39522603154182434, 
    0.35490599274635315, 
    0.6885993480682373, 
    0.31867462396621704, 
    0.4686143696308136, 
    0.45887911319732666, 
    0.7664992213249207, 
    0.6006227135658264, 
    0.1623847335577011, 
    0.4530560374259949, 
    0.22882281243801117, 
    0.40518033504486084, 
    0.39219728112220764, 
    0.1473240703344345, 
    0.30751460790634155, 
    0.31688717007637024, 
    0.410184383392334, 
    0.4365554451942444, 
    0.21855735778808594, 
    0.47428807616233826, 
    0.3362649083137512, 
    0.3761369287967682, 
    0.40627235174179077, 
    0.4372778832912445, 
    0.3391091823577881, 
    0.2606038451194763, 
    0.28271669149398804, 
    0.42842933535575867, 
    0.6771345734596252, 
    0.37624984979629517, 
    0.5049695372581482, 
    0.2990512549877167, 
    0.8160997033119202, 
    0.5522897243499756, 
    0.332666277885437, 
    0.400034636259079, 
    0.34519192576408386, 
    0.37873944640159607, 
    0.4922579824924469, 
    0.48538026213645935, 
    0.11806149035692215, 
    0.4129900336265564, 
    0.24274103343486786, 
    0.37692782282829285, 
    0.3038387596607208, 
    0.21640968322753906, 
    0.3301665484905243, 
    0.20604945719242096, 
    0.3287409245967865, 
    0.230974942445755, 
    0.6318166851997375, 
    0.0015278520295396447, 
    0.47722327709198, 
    0.49611759185791016, 
    0.3797590136528015, 
    0.5079107880592346, 
    0.7497887015342712, 
    0.39431115984916687, 
    0.19608952105045319, 
    0.2233617901802063, 
    0.18520602583885193, 
    0.23264895379543304, 
    0.3193141520023346, 
    0.14825449883937836, 
    0.5663633346557617, 
    0.13384370505809784, 
    0.2409459948539734, 
    0.40675023198127747, 
    0.23051588237285614, 
    0.3235073983669281, 
    0.826900839805603, 
    0.32444095611572266, 
    0.3070666790008545, 
    0.564387321472168, 
    0.00013165939890313894, 
    0.2919903099536896, 
    0.28902915120124817, 
    0.340732604265213, 
    0.0007943413802422583, 
    0.2539101839065552, 
    0.7321951389312744, 
    0.3809273838996887, 
    0.2993007302284241, 
    0.2964608371257782, 
    0.2637527287006378, 
    0.4067026972770691, 
    0.5939816832542419, 
    0.46949848532676697, 
    0.3906233310699463, 
    0.3000609874725342, 
    1.034016489982605, 
    0.14094315469264984, 
    0.29045939445495605, 
    0.1333046406507492, 
    0.4699770212173462, 
    0.331565797328949, 
    0.3394930362701416, 
    0.5024279952049255, 
    0.25764772295951843, 
    0.6558541655540466, 
    0.3018340468406677, 
    0.3889393210411072, 
    0.24561291933059692, 
    0.425281286239624, 
    0.43010783195495605, 
    0.22655954957008362, 
    0.4921293258666992, 
    0.6094472408294678, 
    0.18658992648124695, 
    0.41860342025756836, 
    0.3510572016239166, 
    0.2922676205635071, 
    0.6493365168571472, 
    0.2217598259449005, 
    0.07430610060691833, 
    0.18716035783290863, 
    0.23118586838245392, 
    0.3894760310649872, 
    0.23700864613056183, 
    0.3058035671710968, 
    0.24725650250911713, 
    0.2534470856189728, 
    0.294158011674881, 
    0.36194464564323425, 
    0.34340810775756836, 
    0.49241581559181213, 
    0.3344420790672302, 
    0.29549089074134827, 
    0.5502666234970093, 
    0.4564089775085449, 
    0.7078154683113098, 
    0.4886091649532318, 
    0.5681308507919312, 
    0.26364389061927795, 
    0.2841120958328247, 
    0.3205341696739197, 
    0.3015861511230469, 
    0.3389933407306671, 
    0.2908198833465576, 
    0.25227856636047363, 
    0.3607291281223297, 
    0.4053463339805603, 
    0.6254482865333557, 
    0.23384632170200348, 
    0.28955426812171936, 
    0.27179503440856934, 
    0.23307472467422485, 
    0.2785284221172333, 
    0.22391988337039948, 
    0.2051127701997757, 
    0.5174387097358704, 
    0.27818161249160767, 
    0.33666476607322693, 
    0.3332715928554535, 
    0.5243486166000366, 
    0.32070192694664, 
    0.7200685143470764, 
    0.2812163233757019, 
    0.6967829465866089, 
    0.3255196213722229, 
    0.3461775481700897, 
    0.32565757632255554, 
    0.27520617842674255, 
    0.20111575722694397, 
    0.4401205778121948, 
    0.2888217270374298, 
    0.24917003512382507, 
    0.5244755744934082, 
    0.24053986370563507, 
    0.31146082282066345, 
    0.29777103662490845, 
    0.316317081451416, 
    0.32685530185699463, 
    0.2703074812889099, 
    0.8268023729324341, 
    0.37057366967201233, 
    0.5886053442955017, 
    0.18747751414775848, 
    0.42801716923713684, 
    0.5859049558639526, 
    0.4981689751148224, 
    0.8421465754508972, 
    0.3266308307647705, 
    0.33240756392478943, 
    0.2784262001514435, 
    0.6194970011711121, 
    0.15786905586719513, 
    0.27761638164520264, 
    0.7086400389671326, 
    0.15608558058738708, 
    0.32831522822380066, 
    0.34905382990837097, 
    0.28404486179351807, 
    0.2989181876182556, 
    0.33439305424690247, 
    0.5094770789146423, 
    0.559558629989624, 
    0.20501312613487244, 
    0.28235363960266113, 
    0.2586139440536499, 
    0.31915679574012756, 
    0.1968466341495514, 
    0.40219438076019287, 
    0.1759822517633438, 
    0.22911566495895386, 
    0.1994173228740692, 
    0.23500694334506989, 
    0.6239115595817566, 
    2.2420517780119553e-05, 
    0.5813952684402466, 
    0.3382331430912018, 
    0.4753062129020691, 
    0.2784712314605713, 
    0.25923964381217957
]