[
    0.004638453479856253, 
    0.4707525968551636, 
    -0.30936291813850403, 
    0.010138832964003086, 
    0.0007303391466848552, 
    -0.1045599952340126, 
    -0.4873028099536896, 
    -0.22719894349575043, 
    -0.019788743928074837, 
    -0.2192087322473526, 
    0.3706248700618744, 
    -0.11225345730781555, 
    0.3394617736339569, 
    0.11289890110492706, 
    0.17149384319782257, 
    -0.164130300283432, 
    0.21960358321666718, 
    0.4076724350452423, 
    -0.10030161589384079, 
    -0.08167651295661926, 
    0.023966658860445023, 
    0.32338759303092957, 
    -0.2233901470899582, 
    -0.12411310523748398, 
    -0.1129685491323471, 
    0.095677450299263, 
    0.22615905106067657, 
    -0.20934496819972992, 
    -0.3122813403606415, 
    -0.18640795350074768, 
    -0.08841096609830856, 
    0.11620815098285675, 
    0.29162776470184326, 
    -0.37524092197418213, 
    -0.19025276601314545, 
    0.1768617033958435, 
    -0.1630166620016098, 
    0.08713153749704361, 
    0.3954090178012848, 
    0.32672935724258423, 
    0.23740538954734802, 
    -0.16914649307727814, 
    -0.13063247501850128, 
    -0.041226692497730255, 
    -0.12924011051654816, 
    0.22480808198451996, 
    -0.01569371111690998, 
    -0.1404239535331726, 
    -0.06948037445545197, 
    -0.0413096584379673, 
    0.23813554644584656, 
    -0.11629751324653625, 
    0.20281149446964264, 
    0.2164788693189621, 
    0.27172523736953735, 
    -0.15454907715320587, 
    -0.07487405091524124, 
    0.061502572149038315, 
    0.12561433017253876, 
    0.3065735101699829, 
    0.1781073808670044, 
    -0.19787122309207916, 
    -0.21635209023952484, 
    0.04708137363195419, 
    0.11490613967180252, 
    0.29962635040283203, 
    0.4758729040622711, 
    0.4199724495410919, 
    0.2611617147922516, 
    0.23975367844104767, 
    0.04940184950828552, 
    -0.043186116963624954, 
    -0.13895946741104126, 
    0.14087902009487152, 
    -0.1951931118965149, 
    -0.31536582112312317, 
    -0.1987137496471405, 
    -0.07452476769685745, 
    0.1286872774362564, 
    0.31290727853775024, 
    -0.2129700481891632, 
    -0.3227103352546692, 
    0.3469645380973816, 
    0.3678795099258423, 
    0.04707394167780876, 
    -0.10147804766893387, 
    -0.23953641951084137, 
    -0.1573590636253357, 
    -0.0708950012922287, 
    -0.07187855243682861, 
    -0.043393176048994064, 
    0.35190045833587646, 
    -0.3767029941082001, 
    -0.03369996324181557, 
    -0.1652698665857315, 
    0.13302385807037354, 
    0.08305585384368896, 
    0.38452208042144775, 
    0.15209266543388367, 
    0.06535206735134125, 
    -0.24857908487319946, 
    -0.20655515789985657, 
    -0.197745680809021, 
    0.2527097165584564, 
    0.13508552312850952, 
    0.20638661086559296, 
    0.14196759462356567, 
    0.19180941581726074, 
    0.004241000860929489, 
    -0.13342489302158356, 
    -0.2960495054721832, 
    -0.10193192213773727, 
    -0.14479206502437592, 
    0.13462767004966736, 
    0.26775750517845154, 
    0.34554052352905273, 
    -0.010549225844442844, 
    0.09682755917310715, 
    0.13228313624858856, 
    0.14677508175373077, 
    -0.021402733400464058, 
    -0.21590277552604675, 
    -0.0892849788069725, 
    -0.23047775030136108, 
    0.4209114909172058, 
    0.33254754543304443, 
    0.2230636477470398, 
    0.0429571196436882, 
    0.050901446491479874, 
    0.28832343220710754, 
    0.3698197901248932, 
    -0.2677610516548157, 
    -0.3115348219871521, 
    0.0065225581638514996, 
    0.043183013796806335, 
    -0.3108031451702118, 
    0.19386714696884155, 
    0.2851580083370209, 
    -0.04377984628081322, 
    0.2333500236272812, 
    0.2635689377784729, 
    -0.09087447077035904, 
    0.06700782477855682, 
    -0.4559277892112732, 
    -0.10164257138967514, 
    -0.10901768505573273, 
    0.2822294533252716, 
    -0.17463694512844086, 
    -0.09186813235282898, 
    0.12520070374011993, 
    -0.24090668559074402, 
    -0.26293450593948364, 
    -0.09388096630573273, 
    -0.15401281416416168, 
    0.05162947624921799, 
    0.4205220639705658, 
    0.12077365070581436, 
    0.37994664907455444, 
    0.23861685395240784, 
    -0.12884245812892914, 
    0.24245843291282654, 
    -0.3307817578315735, 
    0.18828783929347992, 
    0.26796185970306396, 
    -0.37192749977111816, 
    -0.19851279258728027, 
    -0.17492173612117767, 
    -0.1303911805152893, 
    0.2265794724225998, 
    -0.1279352605342865, 
    0.15362268686294556, 
    -0.295596182346344, 
    -0.37865689396858215, 
    -0.21321183443069458, 
    0.07851927727460861, 
    0.27429264783859253, 
    0.33209875226020813, 
    -0.2283926010131836, 
    0.19416895508766174, 
    0.14233462512493134, 
    0.19888199865818024, 
    -0.24863530695438385, 
    0.07603110373020172, 
    -0.020815107971429825, 
    0.51288902759552, 
    0.06046382710337639, 
    0.3073498010635376, 
    -0.15374253690242767, 
    0.09867159277200699, 
    0.28686416149139404, 
    0.1664332002401352, 
    0.306997150182724, 
    -0.25029340386390686, 
    0.4696420133113861, 
    -0.08452361822128296, 
    0.28538307547569275, 
    -0.04030521959066391, 
    0.29269492626190186, 
    -0.04868258908390999, 
    0.2891899347305298, 
    -0.19459673762321472, 
    -0.12779811024665833, 
    -0.15896877646446228, 
    0.15005551278591156, 
    0.17269209027290344, 
    0.14145193994045258, 
    -0.029800565913319588, 
    -0.02720017172396183, 
    0.16608916223049164, 
    -0.5058430433273315, 
    0.23235300183296204, 
    0.2713416516780853, 
    -0.22612279653549194, 
    0.3114301562309265, 
    -0.07824558764696121, 
    -0.145797461271286, 
    0.033542338758707047, 
    0.19570492208003998, 
    -0.04221147671341896, 
    0.17586171627044678, 
    -0.06263301521539688, 
    -0.1648433953523636, 
    0.3907439112663269, 
    -0.19435101747512817, 
    0.47212445735931396, 
    0.12233680486679077, 
    0.11592167615890503, 
    0.22103101015090942, 
    -0.150965616106987, 
    0.2941454350948334, 
    -0.1141766756772995, 
    -0.08592330664396286, 
    0.03226036950945854, 
    0.28422310948371887, 
    0.09095902740955353, 
    -0.19001777470111847, 
    0.3159203827381134, 
    -0.36848944425582886, 
    -0.043753329664468765, 
    -0.24945858120918274, 
    0.34974926710128784, 
    -0.16434545814990997, 
    0.24432092905044556, 
    0.260942667722702, 
    0.21265561878681183, 
    0.22650741040706635, 
    -0.20081540942192078, 
    0.0887141227722168, 
    -0.21026107668876648, 
    0.09736411273479462, 
    -0.00027415534714236856, 
    0.13223716616630554, 
    0.2669045329093933, 
    -0.13882030546665192, 
    -0.35632139444351196, 
    0.33112549781799316
]