[
    0.010353133082389832, 
    0.008589592762291431, 
    0.006002676673233509, 
    0.002680490491911769, 
    0.008620616048574448, 
    0.006835275795310736, 
    0.0036077152471989393, 
    0.008008221164345741, 
    0.004691321402788162, 
    0.0055818501859903336, 
    0.01669713668525219, 
    0.0081009641289711, 
    0.007663986645638943, 
    0.003683165879920125, 
    0.005922824144363403, 
    0.008608043193817139, 
    0.00593904173001647, 
    0.0055417027324438095, 
    0.0073713879100978374, 
    0.005366581492125988, 
    0.00575072318315506, 
    0.0057075428776443005, 
    0.008892825804650784, 
    0.005364584736526012, 
    0.010758711025118828, 
    0.0061248778365552425, 
    0.006780544761568308, 
    0.003259882563725114, 
    0.005878133233636618, 
    0.004791799001395702, 
    0.006655112374573946, 
    0.020794743672013283, 
    0.013799922540783882, 
    0.0037042347248643637, 
    0.012895693071186543, 
    0.006458707619458437, 
    0.0034740299452096224, 
    0.0037369057536125183, 
    0.013099407777190208, 
    0.0165120717138052, 
    0.00490224827080965, 
    0.011056628078222275, 
    0.0065572429448366165, 
    0.011795316822826862, 
    0.013662278652191162, 
    0.00732588954269886, 
    0.007403247524052858, 
    0.007718984037637711, 
    0.0065796272829174995, 
    0.017603643238544464, 
    0.00602016132324934, 
    0.0031995356548577547, 
    0.007114183157682419, 
    0.006279896013438702, 
    0.004614886827766895, 
    0.004785813391208649, 
    0.004073519725352526, 
    0.008289184421300888, 
    0.009229173883795738, 
    0.01179097592830658, 
    0.01629488356411457, 
    0.006731430534273386, 
    0.006346173118799925, 
    0.009894005954265594, 
    0.0069748396053910255, 
    0.013170426711440086, 
    0.005534107331186533, 
    0.003741359105333686, 
    0.005930829793214798, 
    0.005946424324065447, 
    0.006398425437510014, 
    0.008605754934251308, 
    0.009159188717603683, 
    0.011499959044158459, 
    0.012432661838829517, 
    0.03913087025284767, 
    0.006399022415280342, 
    0.006379098165780306, 
    0.00778921227902174, 
    0.005744182504713535, 
    0.005979175213724375, 
    0.01288776844739914, 
    0.004948570393025875, 
    0.005664876662194729, 
    0.032795824110507965, 
    0.012094125151634216, 
    0.011488238349556923, 
    0.0038140711840242147, 
    0.0032781106419861317, 
    0.008382965810596943, 
    0.011582613922655582, 
    0.007742332760244608, 
    0.004500249400734901, 
    0.007641350384801626, 
    0.010394462384283543, 
    0.006042819004505873, 
    0.007527145091444254, 
    0.009466391988098621, 
    5.605193857299268e-45, 
    0.004494821187108755, 
    0.009006757289171219, 
    0.010085852816700935, 
    0.009550397284328938, 
    0.002871128497645259, 
    0.006089572794735432, 
    0.005043704062700272, 
    0.009176879189908504, 
    0.004298173822462559, 
    0.007772664073854685, 
    0.013806591741740704, 
    0.004422706086188555, 
    0.009201114997267723, 
    0.020754942670464516, 
    0.012904657982289791, 
    0.015568597242236137, 
    0.0046844519674777985, 
    0.005728357937186956, 
    0.004872160032391548, 
    0.006130798254162073, 
    0.0208969097584486, 
    0.025806454941630363, 
    0.009685236029326916, 
    0.005933512933552265, 
    0.0022175349295139313, 
    0.0034831445664167404, 
    0.012730713002383709, 
    0.0042195809073746204, 
    0.011618250980973244, 
    0.0038227231707423925, 
    0.015255225822329521, 
    0.0066559757106006145, 
    0.0033420973923057318, 
    0.0042890626937150955, 
    0.004976734984666109, 
    0.0076261828653514385, 
    0.010068938136100769, 
    0.004469343461096287, 
    0.00644433731213212, 
    0.011046790517866611, 
    0.027257710695266724, 
    0.01907731220126152, 
    0.005725841037929058, 
    0.006990951485931873, 
    0.006101155653595924, 
    0.0017918917583301663, 
    0.006162463687360287, 
    0.004403703846037388, 
    0.018621157854795456, 
    0.005804754793643951, 
    0.00663395831361413, 
    0.005862117744982243, 
    0.005742715205997229, 
    0.008824559859931469, 
    0.003619480412453413, 
    0.01573457010090351, 
    0.007295042276382446, 
    0.005166156217455864, 
    0.009303148835897446, 
    0.006011836230754852, 
    0.005339423194527626, 
    0.0044483281672000885, 
    0.0037458552978932858, 
    0.010894433595240116, 
    0.016284611076116562, 
    0.00820176862180233, 
    0.016108842566609383, 
    0.003510178066790104, 
    0.003889258950948715, 
    0.006982260849326849, 
    0.006508732680231333, 
    0.004446232225745916, 
    0.0028417508583515882, 
    0.010073667392134666, 
    0.008328303694725037, 
    0.006820459850132465, 
    0.0029498781077563763, 
    0.004933509044349194, 
    0.0033988270442932844, 
    0.008912918157875538, 
    0.009992408566176891, 
    0.006037337239831686, 
    0.005142902489751577, 
    0.0027996848803013563, 
    0.01115981861948967, 
    0.005982746835798025, 
    0.005364447366446257, 
    0.007551811635494232, 
    0.006221681833267212, 
    0.007971202954649925, 
    0.007154959719628096, 
    0.0070464471355080605, 
    0.0018943891627714038, 
    0.0036730761639773846, 
    0.009879757650196552, 
    0.006174320355057716, 
    0.014411894604563713, 
    0.007792281918227673, 
    0.006078819278627634, 
    0.0036222327034920454, 
    0.013220828026533127, 
    0.004683317616581917, 
    0.013715507462620735, 
    0.003044244134798646, 
    0.008732212707400322, 
    0.005948113277554512, 
    0.004813388921320438, 
    0.005610653664916754, 
    0.0057284533977508545, 
    0.007572701200842857, 
    0.005782374646514654, 
    0.005777464248239994, 
    0.002259329427033663, 
    0.009874793700873852, 
    0.004817447159439325, 
    0.003618556307628751, 
    0.003972653299570084, 
    0.008403539657592773, 
    0.006572979036718607, 
    0.005519504193216562, 
    0.010412896983325481, 
    0.004756203852593899, 
    0.0034813873935490847, 
    0.011360450647771358, 
    0.00892590917646885, 
    0.0112476646900177, 
    0.006215027067810297, 
    0.004610414616763592, 
    0.0038396238815039396, 
    0.004071627277880907, 
    0.02298843301832676, 
    0.004279285669326782, 
    0.00514138163998723, 
    0.009213092736899853, 
    0.005496208555996418, 
    0.00907430611550808, 
    0.013314020819962025, 
    0.006802693475037813, 
    0.0036620788741856813, 
    0.004673647228628397, 
    0.008059441111981869, 
    0.005075735505670309, 
    0.003556600073352456, 
    0.021174350753426552, 
    0.006687124725431204, 
    0.001774973701685667, 
    0.007108861580491066, 
    0.007725293282419443, 
    0.012715823017060757, 
    0.008656669408082962, 
    0.01300092227756977, 
    0.009868296794593334, 
    0.005796929821372032, 
    0.009797144681215286, 
    0.00530105410143733, 
    0.008038056083023548, 
    0.002872866578400135, 
    0.006942811422049999, 
    0.006030492950230837, 
    0.008426790125668049, 
    0.00805045384913683, 
    0.011269274167716503, 
    0.0045339190401136875, 
    0.00616935919970274, 
    0.005286747124046087, 
    0.006600290071219206, 
    0.010723461396992207, 
    0.003826720407232642, 
    0.005352193955332041, 
    0.010234798304736614, 
    0.006978258490562439, 
    0.008949324488639832, 
    0.0055867708288133144, 
    0.010519166477024555, 
    0.0031701938714832067, 
    0.0045870644971728325, 
    0.004741978831589222, 
    0.027766378596425056, 
    0.015800002962350845, 
    0.0068997107446193695, 
    0.006946458946913481, 
    0.0066063120029866695, 
    0.006881665904074907, 
    0.009185018949210644, 
    0.002802356146275997, 
    0.007014482747763395, 
    0.004182955715805292, 
    0.009869466535747051, 
    0.008603272028267384, 
    0.01309490017592907, 
    0.0189732164144516, 
    0.004112310707569122, 
    0.00889731664210558, 
    0.004668085370212793, 
    0.003824459156021476, 
    0.005272562149912119, 
    0.00392034649848938, 
    0.00744259636849165, 
    5.605193857299268e-45, 
    0.004647520370781422, 
    0.003773459931835532, 
    0.005469157360494137, 
    0.008670791052281857, 
    0.006069560535252094, 
    0.002721259603276849, 
    0.008201013319194317, 
    0.01636381447315216, 
    0.0029131437186151743, 
    0.011434297077357769, 
    0.004985227715224028, 
    0.006210362073034048, 
    0.0032668851781636477, 
    0.004518330562859774, 
    0.015349200926721096, 
    0.007265638560056686, 
    0.007060661446303129, 
    0.003345693228766322, 
    0.009099810384213924, 
    0.011121095158159733, 
    0.020177574828267097, 
    0.014017203822731972, 
    0.005108587443828583, 
    0.003727182513102889, 
    0.0038085610140115023, 
    0.006081148982048035, 
    0.006154963746666908, 
    0.00572480633854866, 
    0.011587725020945072, 
    0.007577777374535799, 
    0.006685721222311258, 
    0.006780596449971199, 
    0.004537468776106834, 
    0.00564629677683115, 
    0.005201501771807671, 
    0.012280857190489769, 
    0.004079435486346483, 
    0.012197664938867092, 
    0.01015926618129015, 
    0.01289850752800703, 
    0.006918637547641993, 
    0.006866454612463713, 
    0.006553897634148598, 
    0.013015427626669407, 
    0.011167229153215885, 
    0.006784480065107346, 
    0.014549512416124344, 
    0.003827067092061043, 
    0.005814913660287857, 
    0.005737442523241043, 
    0.013839634135365486, 
    0.010194331407546997, 
    0.004706342704594135, 
    0.011160280555486679, 
    0.011415435001254082, 
    0.007373207714408636, 
    0.00612341845408082, 
    0.007871555164456367, 
    0.014723546802997589, 
    0.007395792752504349, 
    0.007127845194190741, 
    0.005605874117463827, 
    0.003692095633596182, 
    0.008283315226435661, 
    0.012527193874120712, 
    0.019000772386789322, 
    0.007337657734751701, 
    0.01991635374724865, 
    0.002269239164888859, 
    0.007932278327643871, 
    0.008979413658380508, 
    0.017587242648005486, 
    0.0055917673744261265, 
    0.006063634064048529, 
    0.004399559460580349, 
    0.007753382902592421, 
    0.008695289492607117, 
    0.010913649573922157, 
    0.006118888966739178, 
    0.005842681974172592, 
    0.00875046756118536, 
    0.014497650787234306, 
    0.005674948915839195, 
    0.007157519925385714, 
    0.012184053659439087, 
    0.0028171436861157417, 
    0.012279842980206013, 
    0.005535219796001911, 
    0.00978466123342514, 
    0.005068381316959858, 
    0.006252374965697527, 
    0.009087607264518738, 
    0.007780031301081181, 
    0.0042194947600364685, 
    0.011392313987016678, 
    0.01310933381319046, 
    0.005535169504582882, 
    0.00838716421276331, 
    0.008432871662080288, 
    0.007065162993967533, 
    0.0046482989564538, 
    0.006888654548674822, 
    0.013769285753369331, 
    0.005807248409837484, 
    0.010375145822763443, 
    0.010035966522991657, 
    0.008640497922897339, 
    0.0037930684629827738, 
    0.01716926507651806, 
    0.005208534188568592, 
    0.0096420394256711, 
    0.003156646154820919, 
    0.0015183858340606093, 
    0.004938449710607529, 
    0.008329416625201702, 
    0.005621864460408688, 
    0.006972750183194876, 
    0.006121951621025801, 
    0.007663854863494635, 
    0.01615229621529579, 
    0.010463469661772251, 
    0.009921608492732048, 
    0.012726372107863426, 
    0.007078723981976509, 
    0.004808601923286915, 
    0.002265789546072483, 
    0.0072649624198675156, 
    0.020646901801228523, 
    0.003708445467054844, 
    0.007804637774825096, 
    0.005479977931827307, 
    0.008039170876145363, 
    0.013355784118175507, 
    0.008937723934650421, 
    0.02012842893600464, 
    0.006534621585160494, 
    0.012825369834899902, 
    0.012873262166976929, 
    0.010539489798247814, 
    0.006630220916122198, 
    0.010731431655585766, 
    0.007471615914255381, 
    0.030617039650678635, 
    0.011550982482731342, 
    0.012655511498451233, 
    0.00789730530232191, 
    0.009601808153092861, 
    0.005153346341103315, 
    0.003274406772106886, 
    0.0072616226971149445, 
    0.0132445078343153, 
    0.006048479117453098, 
    0.010431861504912376, 
    0.008611752651631832, 
    0.009210241958498955, 
    0.012190918438136578, 
    0.0055250078439712524, 
    0.005780397914350033, 
    0.011154119856655598, 
    0.00952671468257904, 
    0.014868642203509808, 
    0.02601492777466774, 
    0.03163608908653259, 
    0.00808335468173027, 
    0.004703782964497805, 
    0.007414782419800758, 
    0.0031969232950359583, 
    0.011859902180731297, 
    0.014534086920320988, 
    0.008667819201946259, 
    0.016318541020154953, 
    0.011422368697822094, 
    0.003587200539186597, 
    0.010877604596316814, 
    0.009804465807974339, 
    0.009059183299541473, 
    0.00536748580634594, 
    0.005939597263932228, 
    0.008172445930540562, 
    0.007173338904976845, 
    0.003989658318459988, 
    0.015795467421412468, 
    0.006380870472639799, 
    0.0057181729935109615, 
    0.003382693277671933, 
    0.012522842735052109, 
    0.005140671040862799, 
    0.006329640280455351, 
    0.01033520046621561, 
    0.005048655439168215, 
    0.005964004900306463, 
    0.017395781353116035, 
    0.01472476962953806, 
    0.00487175676971674, 
    0.003308654995635152, 
    0.008802815340459347, 
    0.004239411558955908, 
    0.0071325162425637245, 
    0.014020493254065514, 
    0.005058149807155132, 
    0.005889021325856447, 
    0.013625063933432102, 
    0.005156157072633505, 
    0.0069875288754701614, 
    0.0066746557131409645, 
    0.008636152371764183, 
    0.010383110493421555, 
    0.010541601106524467, 
    0.012082832865417004, 
    0.0018787651788443327, 
    0.004193057771772146, 
    0.007400986738502979, 
    0.012613099068403244, 
    0.004128018859773874
]