[
    -0.4583622217178345, 
    -0.6165087223052979, 
    -0.478097528219223, 
    -0.3387984037399292, 
    -0.7368825674057007, 
    -0.4163360893726349, 
    -0.7418813705444336, 
    -0.22392527759075165, 
    -0.31735968589782715, 
    -0.17563973367214203, 
    0.015124969184398651, 
    -0.3451603055000305, 
    -0.13496625423431396, 
    -0.6369090676307678, 
    -0.026973936706781387, 
    -0.33707213401794434, 
    -0.5606850385665894, 
    -0.31959202885627747, 
    -0.2741984724998474, 
    -0.3633895814418793, 
    -0.3119661509990692, 
    -0.1852835863828659, 
    -0.12509529292583466, 
    -0.12584662437438965, 
    -0.23411771655082703, 
    -0.36046528816223145, 
    -0.5851728916168213, 
    -0.9158061742782593, 
    -0.7257163524627686, 
    0.033025018870830536, 
    0.12995877861976624, 
    -0.024933887645602226, 
    0.1744472086429596, 
    0.03184422850608826, 
    -0.15120284259319305, 
    -0.09773565083742142, 
    -0.11027204245328903, 
    -0.3209678530693054, 
    -0.37392154335975647, 
    -0.09032078832387924, 
    0.3831290006637573, 
    -0.11539426445960999, 
    -0.2013181895017624, 
    -0.6481291651725769, 
    -0.12422867119312286, 
    -0.34308716654777527, 
    -0.23545874655246735, 
    -0.5732996463775635, 
    -0.37490665912628174, 
    -0.279487669467926, 
    -0.39776498079299927, 
    0.050217561423778534, 
    -0.3758981227874756, 
    -0.4503418505191803, 
    0.015117799863219261, 
    -0.12794293463230133, 
    -0.8623403906822205, 
    -0.46791937947273254, 
    -0.42015624046325684, 
    -0.19576826691627502, 
    -0.36456748843193054, 
    -0.033352892845869064, 
    -0.2863102853298187, 
    -0.1699938327074051, 
    -0.03381334990262985, 
    -0.19440560042858124, 
    -0.3849560022354126, 
    -0.5746135711669922, 
    -0.12795984745025635, 
    -0.5219483971595764, 
    -0.3689287006855011, 
    -0.2997610569000244, 
    -0.2809547185897827, 
    -0.12880589067935944, 
    -0.18263649940490723, 
    -0.393512099981308, 
    -0.15586866438388824, 
    -0.22816398739814758, 
    -0.4862251579761505, 
    -0.08122789114713669, 
    -0.32317668199539185, 
    0.017964497208595276, 
    -0.6353527307510376, 
    -0.2083347588777542, 
    -0.4292542040348053, 
    -0.4420835077762604, 
    -0.11636730283498764, 
    -0.47175490856170654, 
    -0.23561187088489532, 
    -0.6392697095870972, 
    -0.8275511264801025, 
    0.0024019733536988497, 
    -0.16313163936138153, 
    0.20671644806861877, 
    -0.15451987087726593, 
    0.1136084571480751, 
    -0.30720260739326477, 
    -0.1408269703388214, 
    -0.19346733391284943, 
    -0.32077211141586304, 
    -0.239015132188797, 
    -0.2469210922718048, 
    -0.5766106843948364, 
    -0.4811834692955017, 
    0.10115684568881989, 
    -0.054848432540893555, 
    0.07731848955154419, 
    -0.3323427140712738, 
    0.2788253724575043, 
    0.5418696999549866, 
    -0.4202977418899536, 
    -0.32268857955932617, 
    -0.1884768009185791, 
    -0.5414771437644958, 
    -0.32203471660614014, 
    -0.5085414052009583, 
    -0.45416295528411865, 
    -0.11985617876052856, 
    -0.09917322546243668, 
    0.05731923133134842, 
    -0.20919269323349, 
    -0.4560304284095764, 
    -0.5056935548782349, 
    -0.2696867287158966, 
    -0.043175917118787766, 
    -0.49733874201774597, 
    0.04783144220709801, 
    0.07337263226509094, 
    -0.3162553608417511, 
    -0.33926087617874146, 
    0.3354656994342804, 
    -0.042143311351537704, 
    -0.040702588856220245, 
    0.28906142711639404, 
    -0.4605330526828766, 
    -0.09232639521360397, 
    -0.6267885565757751, 
    -0.5509127378463745, 
    -0.4282672703266144, 
    -0.4120433032512665, 
    -0.5751985311508179, 
    -0.4274654984474182, 
    -0.24161438643932343, 
    -0.4800804555416107, 
    -0.4040077030658722, 
    -0.35376405715942383, 
    0.016773292794823647, 
    -0.055911995470523834, 
    -0.44159141182899475, 
    -0.8012419939041138, 
    -0.621997058391571, 
    -0.48140713572502136, 
    -0.6954326033592224, 
    -0.5523210763931274, 
    -0.013825366273522377, 
    -0.20239700376987457, 
    -0.7097671627998352, 
    -0.3773406445980072, 
    -0.34484943747520447, 
    -0.35229113698005676, 
    -0.2786463499069214, 
    -0.5681840777397156, 
    -0.07448741048574448, 
    -0.42601048946380615, 
    -0.1761246621608734, 
    -0.09236545860767365, 
    -0.08043193817138672, 
    -0.20073480904102325, 
    -0.3655509948730469, 
    -0.2519505023956299, 
    -0.29894396662712097, 
    0.09863591939210892, 
    -0.6266310811042786, 
    -0.16155457496643066, 
    -0.17517812550067902, 
    -0.20813508331775665, 
    -0.22586505115032196, 
    -0.38514524698257446, 
    -0.3096948266029358, 
    -0.2462405264377594, 
    -0.4786505103111267, 
    -0.25024300813674927, 
    -0.5150653123855591, 
    -0.8799293637275696, 
    -0.3813336193561554, 
    -0.8283789157867432, 
    -0.34856095910072327, 
    -0.4336947500705719, 
    -0.34416237473487854, 
    -0.3759647607803345, 
    -0.43279802799224854, 
    -0.05811307579278946, 
    -0.6925693154335022, 
    -0.06667152792215347, 
    -0.12867096066474915, 
    -0.3192110061645508, 
    -0.36654022336006165, 
    -0.2967868149280548, 
    -0.26756730675697327, 
    -0.33993232250213623, 
    0.02967926859855652, 
    -0.7343584299087524, 
    0.44388172030448914, 
    -0.25378215312957764, 
    0.1758829802274704, 
    -0.5101503729820251, 
    -0.42425647377967834, 
    -0.08500078320503235, 
    -0.27159589529037476, 
    -0.37833574414253235, 
    -0.28710076212882996, 
    -0.11503930389881134, 
    -0.689404308795929, 
    -0.21396806836128235, 
    -0.23563465476036072, 
    -0.5161044597625732, 
    -0.6360912919044495, 
    -0.22131727635860443, 
    -0.23006229102611542, 
    -0.49475622177124023, 
    -0.23775163292884827, 
    0.1420246660709381, 
    -0.8300334811210632, 
    -0.45572030544281006, 
    -0.5508393049240112, 
    -0.36167240142822266, 
    0.08764787763357162, 
    -0.0001320813171332702, 
    -0.3821016848087311, 
    -0.21272243559360504, 
    -0.1552487164735794, 
    -0.45944148302078247, 
    -0.14031629264354706, 
    0.22928376495838165, 
    -0.3927653133869171, 
    0.07242066413164139, 
    -0.17934423685073853, 
    -0.39854109287261963, 
    -0.5523875951766968, 
    -0.18225893378257751, 
    -0.624816358089447, 
    -0.45560234785079956, 
    0.08121509104967117, 
    -0.15677058696746826, 
    0.14809788763523102, 
    -0.4266186058521271, 
    -0.03140319138765335, 
    -0.15802280604839325, 
    -0.18986009061336517, 
    -0.08474324643611908, 
    0.08020418882369995, 
    -0.37831151485443115, 
    -0.054853405803442, 
    -0.7788768410682678, 
    -0.6878523230552673, 
    -0.14921064674854279, 
    -0.293761670589447, 
    -0.1717570573091507, 
    -0.13002683222293854, 
    -0.266358345746994, 
    0.05044097825884819, 
    -0.522620439529419, 
    -0.30117863416671753, 
    -0.8577520847320557, 
    0.03383843973278999, 
    -0.37654411792755127, 
    -0.3462461829185486, 
    -0.8215414881706238, 
    -0.6698381900787354, 
    -0.6264074444770813, 
    -0.2972184717655182, 
    -0.3168408274650574, 
    -0.12494289129972458, 
    -0.2750551700592041, 
    -0.17441554367542267, 
    -0.4912077486515045, 
    -0.04938112199306488, 
    0.028793027624487877, 
    -0.16957461833953857, 
    0.053031180053949356, 
    -0.5048334002494812, 
    -0.2714964747428894, 
    -0.39349445700645447, 
    0.015742136165499687, 
    0.10478389263153076, 
    -0.2042568475008011, 
    -0.3935821056365967, 
    -0.17695815861225128, 
    -0.5942211747169495, 
    -0.17330202460289001, 
    -0.22099635004997253, 
    -0.33253178000450134, 
    -0.9586512446403503, 
    -0.16864250600337982, 
    -0.5490391254425049, 
    -0.19694918394088745, 
    -0.4860684275627136, 
    -0.20485368371009827, 
    -0.30357080698013306, 
    -0.9867587685585022, 
    -0.08524453639984131, 
    -0.12689897418022156, 
    -0.24250295758247375, 
    -0.4020906090736389, 
    -0.2693178057670593, 
    0.18864595890045166, 
    -0.18306635320186615, 
    -0.26118919253349304, 
    -0.0965883731842041, 
    -0.7066450715065002, 
    -0.49691900610923767, 
    -0.2892022728919983, 
    -0.16917195916175842, 
    -0.5688233375549316, 
    -0.44663432240486145, 
    -0.11131257563829422, 
    -0.3923199474811554, 
    -0.4544718563556671, 
    -0.6600763201713562, 
    0.03436433523893356, 
    -0.6251733303070068, 
    0.0863332748413086, 
    0.13617759943008423, 
    -0.7645205855369568, 
    -0.36751043796539307, 
    0.18569591641426086, 
    -0.5446561574935913, 
    -0.42916223406791687, 
    -0.5451369285583496, 
    -0.6536744832992554, 
    -0.325776606798172, 
    -0.541455090045929, 
    -0.5032277703285217, 
    -0.24306732416152954, 
    -0.14323998987674713, 
    0.25616469979286194, 
    -0.38925451040267944, 
    -0.19857703149318695, 
    -0.4485965967178345, 
    -0.24890762567520142, 
    -0.3196362555027008, 
    -0.08784385770559311, 
    -0.5431257486343384, 
    -0.2772895097732544, 
    -0.30008891224861145, 
    -0.32091084122657776, 
    -0.5188981294631958, 
    0.009445389732718468, 
    -0.232011079788208, 
    -0.14078858494758606, 
    -0.20588824152946472, 
    -0.545505702495575, 
    -0.013184496201574802, 
    -0.0499858632683754, 
    -0.02752862311899662, 
    -0.11184709519147873, 
    -0.19449588656425476, 
    -0.40305501222610474, 
    -0.8442789316177368, 
    -0.46036264300346375, 
    -0.3250262439250946, 
    -0.6704901456832886, 
    -0.2915048599243164, 
    -0.19197095930576324, 
    -0.3108687102794647, 
    -0.5025533437728882, 
    -0.13680143654346466, 
    -0.5205339193344116, 
    -0.9176181554794312, 
    -0.5300931334495544, 
    -0.33374741673469543, 
    -0.5101414322853088, 
    -0.6539396047592163, 
    -0.0758930966258049, 
    0.05595702677965164, 
    -0.550105631351471, 
    -0.18846112489700317, 
    0.04450590908527374, 
    -0.24937206506729126, 
    -0.5962879657745361, 
    -0.2773829698562622, 
    -0.5289719104766846, 
    -0.16765454411506653, 
    -0.44871628284454346, 
    -0.21588341891765594, 
    -0.5558714270591736, 
    -0.3418220281600952, 
    -0.34316515922546387, 
    0.12880772352218628, 
    -0.8826383352279663, 
    -0.4629583954811096, 
    -0.5981135368347168, 
    -0.3425188660621643, 
    -0.8378300666809082, 
    -0.35395172238349915, 
    -0.2071533054113388, 
    -0.6620436310768127, 
    -0.5064429044723511, 
    -0.22607582807540894, 
    -0.2689153850078583, 
    -1.0255039930343628, 
    -0.4562348425388336, 
    -0.4222087562084198, 
    -0.5893781781196594, 
    -0.5995137095451355, 
    -0.5523648858070374, 
    -0.7852962017059326, 
    -0.7536581158638, 
    -0.22209995985031128, 
    -0.4510112404823303, 
    -0.2762492895126343, 
    -0.3492826521396637, 
    -0.6756359934806824, 
    -0.2637110948562622, 
    -0.24126294255256653, 
    -0.22798512876033783, 
    -0.08292154222726822, 
    -0.1024184376001358, 
    -0.41916608810424805, 
    -0.16293588280677795, 
    -0.46590718626976013, 
    -0.5259373188018799, 
    -0.3519742786884308, 
    -0.04415519908070564, 
    0.06689981371164322, 
    -0.47891467809677124, 
    -0.02885875478386879, 
    -0.19581454992294312, 
    -0.3277435600757599, 
    -0.5295361876487732, 
    -0.5670731067657471, 
    -0.5994154214859009, 
    -0.3476158082485199, 
    -0.27677270770072937, 
    0.09254611283540726, 
    -0.5652564167976379, 
    -0.48682457208633423, 
    -0.12049207836389542, 
    -0.32962775230407715, 
    -0.4911465048789978, 
    -0.4410128891468048, 
    -0.7386956214904785, 
    -0.3384400010108948, 
    -0.5264767408370972, 
    0.1306375414133072, 
    -0.2240322232246399, 
    -0.4740586280822754, 
    -0.2598733901977539, 
    -0.00965027417987585, 
    -0.16974301636219025, 
    -0.6559540033340454, 
    -0.6238147020339966, 
    -0.23641933500766754, 
    -0.16135020554065704, 
    -0.431157648563385, 
    0.07968740165233612, 
    -0.6610231399536133, 
    -0.29324012994766235, 
    -0.0042487578466534615, 
    -0.11589540541172028, 
    -0.641664445400238, 
    -0.42700183391571045, 
    -0.5235679149627686, 
    -0.0635519027709961, 
    -0.2893734276294708, 
    -0.6960048079490662, 
    -0.5784187316894531, 
    -0.3002268970012665, 
    -0.45847460627555847, 
    -0.5141962766647339, 
    -0.5158013105392456, 
    -0.4820505380630493, 
    -0.1916649341583252, 
    -0.13235607743263245, 
    -0.33282536268234253, 
    -0.38186129927635193, 
    -0.6098652482032776, 
    -0.2754625976085663, 
    -0.38068273663520813, 
    -0.4163939654827118, 
    -0.23102658987045288, 
    -0.14073222875595093, 
    -0.05794018507003784, 
    -0.10761871188879013, 
    -0.4697071611881256, 
    -0.4196337163448334, 
    -0.29776933789253235, 
    -0.07939209789037704, 
    -0.30112218856811523, 
    -0.7922148704528809, 
    -0.3978224992752075, 
    -0.18717549741268158, 
    0.021741023287177086, 
    -0.1331133097410202, 
    -0.2725563943386078, 
    -0.07016774266958237, 
    0.033691804856061935, 
    -0.8192569017410278, 
    -0.25925299525260925, 
    -0.6770729422569275, 
    -0.19523394107818604, 
    -0.39095285534858704, 
    -0.24757131934165955, 
    -0.20199303328990936, 
    -0.21005059778690338, 
    0.12921227514743805, 
    -0.2866348922252655, 
    -0.5023972988128662, 
    -0.0017566977767273784, 
    -0.21054354310035706, 
    -0.09567119926214218, 
    -0.20350117981433868, 
    0.05317733436822891, 
    -0.6558623313903809, 
    0.14691855013370514, 
    -0.6022692322731018, 
    -0.6516727805137634, 
    -0.27083274722099304, 
    -0.2735455334186554, 
    -0.5872831344604492, 
    -0.0764903575181961, 
    -0.4415099024772644, 
    -0.006139496807008982, 
    -0.21303239464759827, 
    0.088920459151268, 
    -0.3219546675682068, 
    -0.15787409245967865, 
    -0.07786934077739716, 
    -0.3164348304271698, 
    -0.45771077275276184, 
    -0.35027840733528137, 
    -0.016458947211503983, 
    -0.4894905686378479, 
    -0.36680734157562256, 
    -0.3621761202812195, 
    -0.5572717785835266, 
    -0.10888111591339111, 
    -0.44931092858314514, 
    -0.20522050559520721, 
    -0.2620253264904022, 
    -0.6179062128067017, 
    -0.5124833583831787, 
    -0.10794409364461899, 
    -0.12119067460298538, 
    -0.16275592148303986, 
    -0.4251137673854828, 
    0.014120140112936497, 
    -0.3387187123298645, 
    -0.5896283984184265, 
    -0.38307997584342957, 
    -0.5012336373329163, 
    -0.3298685550689697, 
    -0.3786066174507141, 
    -0.3863675594329834, 
    -0.17302480340003967, 
    -0.5331196784973145, 
    -0.28232666850090027, 
    -0.49871397018432617, 
    -0.48289406299591064, 
    -0.2605857849121094, 
    -0.4873168170452118, 
    -0.07472366094589233, 
    -0.12539152801036835, 
    -0.4724667966365814, 
    -0.6702727675437927, 
    -0.6608453392982483, 
    -0.48089995980262756, 
    -0.165304034948349, 
    -0.8612138628959656, 
    -0.059444695711135864, 
    -0.6946977376937866, 
    -0.5826108455657959, 
    -0.18083345890045166, 
    -0.3563863933086395, 
    -0.36864691972732544, 
    -0.3823603391647339, 
    -0.48524990677833557, 
    -0.13568657636642456, 
    -0.2872312366962433, 
    -0.20451530814170837, 
    -0.3780442178249359, 
    -0.4038201570510864, 
    0.012016795575618744, 
    -0.06247202679514885, 
    -0.46898627281188965, 
    -0.3034402132034302, 
    0.16675497591495514, 
    -0.3891313374042511, 
    -0.21186360716819763, 
    -0.09269289672374725, 
    -0.277281790971756, 
    -0.4312921464443207, 
    -0.7811833620071411, 
    -0.13026028871536255, 
    -0.967562198638916, 
    -0.434787392616272, 
    -0.46840861439704895, 
    -0.6689677238464355, 
    -0.0192076675593853, 
    -0.7730224132537842, 
    -0.2787410616874695, 
    -0.5117762684822083, 
    -0.5087283253669739, 
    -0.4975580871105194, 
    -0.44776251912117004, 
    -0.10988838970661163, 
    -0.5143314003944397, 
    -0.0037404526956379414, 
    0.019410885870456696, 
    0.23558321595191956, 
    -0.5880734324455261, 
    -0.5211361646652222, 
    -0.49343761801719666, 
    -0.524039626121521, 
    -0.31334975361824036, 
    -0.36283037066459656, 
    -0.19265352189540863, 
    -0.21947160363197327, 
    -0.20725040137767792, 
    -0.3914707601070404, 
    -0.17310956120491028, 
    -0.6172780394554138, 
    -0.526653528213501, 
    -0.2025212198495865, 
    -0.0693528801202774, 
    -0.190167635679245, 
    -0.6123422980308533, 
    -0.19693373143672943, 
    0.21185405552387238, 
    -0.7037428021430969, 
    -0.2365354746580124, 
    -0.321617066860199, 
    -0.21074827015399933, 
    -0.3466944098472595, 
    -0.4879964292049408, 
    -0.26504087448120117, 
    -0.3942579925060272, 
    -0.13463056087493896, 
    0.3128836750984192, 
    -0.39483052492141724, 
    -0.26239049434661865, 
    -0.13279658555984497, 
    -0.49664726853370667, 
    -0.32983580231666565, 
    -0.5142790079116821, 
    -0.6168472766876221, 
    -0.4141610264778137, 
    -0.10033128410577774, 
    -0.6039943695068359, 
    -0.4580974578857422, 
    -0.6975023150444031, 
    -0.3167741298675537, 
    0.23454239964485168, 
    -0.27291491627693176, 
    -0.28126734495162964, 
    -0.6108865141868591, 
    0.038188088685274124, 
    -0.10802014172077179, 
    -0.23026594519615173, 
    -0.23427632451057434, 
    -0.3997257351875305, 
    -0.3810332715511322, 
    -0.42014530301094055, 
    -0.12750215828418732, 
    0.16073524951934814, 
    -0.13129039108753204, 
    -0.02433440275490284, 
    0.1433434784412384, 
    -0.13034631311893463, 
    -0.7044438123703003, 
    -0.29755961894989014, 
    -0.43553656339645386, 
    -0.3178691864013672, 
    0.10134891420602798, 
    -0.4989701509475708, 
    -0.5415758490562439, 
    -0.23638367652893066, 
    -0.1804235279560089, 
    -0.7404420971870422, 
    -0.5422410368919373, 
    -0.0791214182972908, 
    -0.09011274576187134, 
    -0.4186948239803314, 
    -0.18729938566684723, 
    -0.4527776837348938, 
    -0.17528179287910461, 
    -0.3609088659286499, 
    -0.7365466952323914, 
    -0.367895245552063, 
    -0.43776416778564453, 
    0.34717071056365967, 
    0.15411551296710968, 
    -0.16405954957008362, 
    -0.6781771779060364, 
    -0.1278030276298523, 
    -0.21480770409107208, 
    -0.5216984748840332, 
    -0.34938135743141174, 
    -0.17601536214351654, 
    -0.23776006698608398, 
    -0.33989548683166504, 
    0.12723368406295776, 
    -0.6933091878890991, 
    -0.4938260316848755, 
    -0.5920421481132507, 
    -0.3860362768173218, 
    -0.25667932629585266, 
    -0.7770955562591553, 
    -0.23440368473529816, 
    -0.44103190302848816, 
    0.07280657440423965, 
    -0.20556038618087769, 
    0.19531643390655518, 
    0.1720505654811859, 
    -0.5819783210754395, 
    -0.37852954864501953, 
    -0.6953822374343872, 
    -0.05206400901079178, 
    0.06756569445133209, 
    -0.04099755361676216, 
    -0.3615192174911499, 
    -0.5336670875549316, 
    -0.6259351968765259, 
    -0.7066376209259033, 
    -0.20283885300159454, 
    -0.27124735713005066, 
    -0.7869938015937805, 
    -0.49133479595184326, 
    -0.041946891695261, 
    -0.12318569421768188, 
    -0.4418981969356537, 
    -0.3362918496131897, 
    -0.16074365377426147, 
    -0.4832245707511902, 
    -0.6378459334373474, 
    -0.9750633239746094, 
    -0.06056462973356247, 
    -0.3669610321521759, 
    -0.2085402011871338, 
    -0.267220675945282, 
    -0.23391054570674896, 
    -0.40368279814720154, 
    -0.23642012476921082, 
    -0.23555444180965424, 
    -0.4812978506088257, 
    -0.5337820649147034, 
    -0.174637109041214, 
    0.18604938685894012, 
    -0.23693744838237762, 
    -0.4566000699996948, 
    -0.33678632974624634, 
    0.14527910947799683, 
    -0.4462818205356598, 
    0.2386297583580017, 
    -0.25784602761268616, 
    -0.26704445481300354, 
    -0.1839199960231781, 
    -0.017504915595054626, 
    -0.2846343517303467, 
    -0.45045235753059387, 
    0.6815935373306274, 
    -0.04365576058626175, 
    -0.6783576607704163, 
    -0.05122172832489014, 
    -0.20245958864688873, 
    -0.11638466268777847, 
    -0.3031136989593506, 
    -0.3220999836921692, 
    -0.6957137584686279, 
    -0.23817859590053558, 
    -0.33660730719566345, 
    -0.37173542380332947, 
    -0.5274375081062317, 
    -0.6259287595748901, 
    0.013212992809712887, 
    -0.5957626700401306, 
    0.18472832441329956, 
    -0.1841176301240921, 
    -0.2153317779302597, 
    -0.8630321621894836, 
    -0.3692934811115265, 
    0.10069336742162704, 
    -0.26245060563087463, 
    -0.6272598505020142, 
    -0.44467446208000183, 
    -0.5355966091156006, 
    -0.45331403613090515, 
    -0.21276554465293884, 
    0.007572795730084181, 
    -0.527700662612915, 
    -0.005361559800803661, 
    0.06511139869689941, 
    -0.15618298947811127, 
    -0.4174954891204834, 
    -0.44965335726737976, 
    -0.2885470390319824, 
    -0.061225760728120804, 
    0.2159869521856308, 
    -0.18508213758468628, 
    -0.36886051297187805, 
    -0.6500784158706665, 
    -0.6102561950683594, 
    -0.7351928353309631, 
    -0.5199564099311829, 
    -0.3985065817832947, 
    -0.304401159286499, 
    -0.23460017144680023, 
    -0.40772056579589844, 
    -0.21320128440856934, 
    -0.8300194144248962, 
    -0.48454225063323975, 
    -0.8653106093406677, 
    -0.3168719708919525, 
    -0.38281747698783875, 
    -0.2179366499185562, 
    -0.6594372391700745, 
    0.04328404739499092, 
    -0.28042373061180115, 
    -0.12898612022399902, 
    -0.7078536152839661, 
    -0.28395479917526245, 
    -0.4655846357345581, 
    -0.1883043646812439, 
    -0.5541756749153137, 
    -0.6267980933189392, 
    -0.2524600923061371, 
    -0.04431293159723282, 
    0.5703659057617188, 
    0.013240544125437737, 
    -0.543180525302887, 
    -0.3255278468132019, 
    0.16555926203727722, 
    -0.43381160497665405, 
    -0.5331755876541138, 
    -0.5806294679641724, 
    -0.2642506957054138, 
    -0.5152864456176758, 
    -0.1578695923089981, 
    -0.748513400554657, 
    -0.5171564221382141, 
    -0.1744898110628128, 
    -0.295468807220459, 
    -0.3134823441505432, 
    0.2400149554014206, 
    -0.5968059301376343, 
    -0.6914210319519043, 
    -0.22466586530208588, 
    -0.2747762203216553, 
    0.008924098685383797, 
    -0.4907554090023041, 
    -0.07730527967214584, 
    -0.8932946920394897, 
    -0.09855559468269348, 
    -0.4590035676956177, 
    -0.2677869498729706, 
    -0.526049792766571, 
    -0.3967246115207672, 
    -0.17463643848896027, 
    -0.7392126321792603, 
    -0.7648327350616455, 
    -0.40427494049072266, 
    -0.8583794832229614, 
    -0.4455050528049469, 
    -0.47997698187828064, 
    -0.25228801369667053, 
    0.24936074018478394, 
    -0.7311563491821289, 
    -0.030039865523576736, 
    -0.4644306004047394, 
    -0.5087279081344604, 
    -0.3667023181915283, 
    -0.5671831965446472, 
    -0.23282389342784882, 
    -0.35530146956443787, 
    -0.19386553764343262, 
    -0.31402674317359924, 
    -0.2196519672870636, 
    -0.3314610719680786, 
    -0.13856767117977142, 
    0.0032480284571647644, 
    -0.006556358654052019, 
    -0.6807213425636292, 
    -0.485150545835495, 
    -0.5210263729095459, 
    -0.4056651294231415, 
    0.02002405747771263, 
    -0.1905158907175064, 
    0.04892350733280182, 
    -0.08147008717060089, 
    0.1357191503047943, 
    -0.07690776139497757, 
    -0.30425530672073364, 
    -0.15269771218299866, 
    -0.17429116368293762, 
    0.03402111306786537, 
    -0.07087358087301254, 
    -0.7800077199935913, 
    -0.00485984655097127, 
    -0.27590420842170715, 
    -0.5393816828727722, 
    -0.678865373134613, 
    -0.40179502964019775, 
    -0.42694640159606934, 
    0.11521657556295395, 
    -0.34005728363990784, 
    -0.5610127449035645, 
    -0.5155800580978394, 
    -0.2685423791408539, 
    -0.458731472492218, 
    -0.131575345993042, 
    -0.522127628326416, 
    -0.2580970525741577, 
    -0.20227260887622833, 
    -0.3680499196052551, 
    -0.3854970335960388, 
    -0.21855661273002625, 
    0.003996486775577068, 
    -0.08915779739618301, 
    -0.08253051340579987, 
    -0.3862450122833252, 
    -0.8308318257331848, 
    -0.6311790943145752, 
    -0.29257920384407043, 
    -0.6094189286231995, 
    0.13201747834682465, 
    -0.2796162962913513, 
    -0.24563173949718475, 
    -0.94230717420578, 
    -0.4745762050151825, 
    -0.14649344980716705, 
    -0.4722428023815155, 
    -0.31021252274513245, 
    -0.45162343978881836, 
    -0.4600372314453125, 
    -0.2082255631685257, 
    -0.4802020788192749, 
    -0.5469176769256592, 
    -0.18242578208446503, 
    -0.2228526771068573, 
    -0.07371989637613297, 
    -0.36861851811408997, 
    -0.41570547223091125, 
    -0.0038870438002049923, 
    -0.5021418333053589, 
    -0.12920549511909485, 
    -0.022735944017767906, 
    -0.3758995234966278, 
    -0.2975885272026062, 
    -0.5146506428718567, 
    -1.192970871925354, 
    0.11308587342500687, 
    -0.2835353910923004, 
    0.17267410457134247, 
    -0.051595527678728104, 
    -0.34417611360549927, 
    -0.6436560153961182, 
    -0.24079154431819916, 
    -0.8392285108566284, 
    -0.20638065040111542, 
    -0.6330089569091797, 
    -0.3394891321659088, 
    -0.3782070577144623, 
    -0.7114120721817017, 
    -0.5540779232978821, 
    -0.21411670744419098, 
    -0.5465521216392517, 
    -0.10159344226121902, 
    -0.4133184552192688, 
    -0.48223569989204407, 
    -0.06256917119026184, 
    -0.23909242451190948, 
    -0.2755884528160095, 
    -0.3434535562992096, 
    0.010885723866522312, 
    -0.5189849734306335, 
    -0.48267921805381775, 
    -0.15427406132221222, 
    -0.22083111107349396, 
    -0.04087880626320839, 
    -0.23898445069789886, 
    -0.6660943031311035, 
    -0.40240776538848877, 
    -0.24959790706634521, 
    0.06233144924044609, 
    -0.5143188834190369, 
    -0.39266565442085266, 
    -0.47680148482322693, 
    -0.8894667029380798, 
    -0.39258891344070435, 
    -0.49041223526000977, 
    0.0958312451839447, 
    -0.16973534226417542, 
    -0.3254139721393585, 
    -0.22279566526412964, 
    -0.20374920964241028, 
    -0.5127109289169312, 
    -0.3693564534187317, 
    -0.2768835425376892, 
    0.007675753440707922, 
    -0.11866656690835953, 
    -0.4195247292518616, 
    -0.06946686655282974, 
    -0.13342490792274475, 
    -0.3406316041946411, 
    -0.4753083884716034, 
    -0.426796555519104, 
    -0.37210676074028015, 
    -0.4773195683956146, 
    0.04530976712703705, 
    -0.2291792631149292, 
    -0.3335931897163391, 
    -0.47779977321624756, 
    -0.010018691420555115, 
    -0.14279325306415558, 
    -0.6298340559005737, 
    -0.2785309851169586, 
    0.0402948372066021, 
    -0.5457093715667725, 
    -0.42721131443977356, 
    -0.7726321220397949, 
    -0.5666656494140625, 
    -0.3362925350666046, 
    -0.3370482325553894, 
    -0.34974321722984314
]