[
    4.367583751678467, 
    0.04389476403594017, 
    -3.866938352584839, 
    -0.039022885262966156, 
    -1.2156507968902588, 
    0.442827045917511, 
    1.2813695669174194, 
    -1.0973410606384277, 
    -3.789433479309082, 
    -3.5640125274658203, 
    0.9243703484535217, 
    0.6276561617851257, 
    -3.156463384628296, 
    2.1094675064086914, 
    -1.4448176622390747, 
    -1.6608762741088867, 
    -0.5683577060699463, 
    1.4826109409332275, 
    0.5828371047973633, 
    -1.3265469074249268, 
    -3.90691876411438, 
    1.2264959812164307, 
    0.0010870483238250017, 
    0.20948681235313416, 
    -0.8703538775444031, 
    -2.522616386413574, 
    1.2963075637817383, 
    -1.9188635349273682, 
    -0.7893267273902893, 
    1.4797303676605225, 
    -1.902360439300537, 
    0.6792263388633728, 
    2.6626739501953125, 
    -0.08802175521850586, 
    -0.5687477588653564, 
    0.629413366317749, 
    0.30464282631874084, 
    -1.0342299938201904, 
    -1.2155368328094482, 
    -1.0914243459701538, 
    1.1975436210632324, 
    1.0675220489501953, 
    -0.44020119309425354, 
    2.281862497329712, 
    -1.3779975175857544, 
    1.6946566104888916, 
    -2.5039234161376953, 
    0.40797027945518494, 
    -2.749211549758911, 
    -1.2499955892562866, 
    0.7821707129478455, 
    -0.2401023954153061, 
    0.26037928462028503, 
    0.2099483460187912, 
    -1.3702144622802734, 
    -1.2521201372146606, 
    -0.007868306711316109, 
    -0.6841368675231934, 
    1.0824732780456543, 
    -0.007487479131668806, 
    -0.02192855067551136, 
    2.408437967300415, 
    -1.3870078325271606, 
    -0.7737065553665161
]