[
    -0.034142497926950455, 
    -0.03912080451846123, 
    1.9629560708999634, 
    -0.0018104551127180457, 
    0.1547335535287857, 
    -0.008327614516019821, 
    -0.25707218050956726, 
    -0.0012169124092906713, 
    -0.05474308505654335, 
    -0.1328841745853424, 
    0.12775775790214539, 
    -0.0005553903756663203, 
    -0.01983821578323841, 
    0.018970675766468048, 
    0.0025940504856407642, 
    0.13101324439048767, 
    0.00043309666216373444, 
    -0.0074465312063694, 
    -0.003224670886993408, 
    -0.002578702522441745, 
    -0.0008284442010335624, 
    0.024838192388415337, 
    0.22850072383880615, 
    -0.009336248971521854, 
    0.0004850637633353472, 
    -0.06352697312831879, 
    -0.004904840141534805, 
    0.0025979906786233187, 
    0.30332085490226746, 
    0.05366381257772446, 
    0.002100719604641199, 
    0.015224776230752468, 
    0.004616714548319578, 
    -0.002737912116572261, 
    0.00911986269056797, 
    -0.005658678710460663, 
    0.004938144702464342, 
    0.0037938158493489027, 
    0.012525581754744053, 
    0.0020454535260796547, 
    0.007761020213365555, 
    -0.0011388587299734354, 
    0.011184846982359886, 
    -0.0006685955449938774, 
    0.0002732209977693856, 
    -0.001895899884402752, 
    -0.003919931128621101, 
    -0.0003369496844243258, 
    -0.002623872132971883, 
    -0.006087237503379583, 
    -0.0015656257746741176, 
    0.01351725310087204, 
    0.003348834114149213, 
    0.00221074721775949, 
    0.009339365176856518, 
    -0.005219622049480677, 
    -0.0031865150667726994, 
    0.0008186220657080412, 
    0.004139761906117201, 
    0.0025289517361670732, 
    0.001410634140484035, 
    -0.0009543850901536644, 
    0.0003764206194318831, 
    -0.00045356646296568215, 
    0.001156879705376923, 
    -0.010161281563341618, 
    0.41754984855651855, 
    -0.01168921310454607, 
    -0.04023199900984764, 
    0.0024187962990254164, 
    0.03273054212331772, 
    0.0014112647622823715, 
    0.007311875466257334, 
    -0.013754909858107567, 
    0.08683711290359497, 
    -0.0023844148963689804, 
    -0.0003008777857758105, 
    -0.0015743327094241977, 
    -0.015571381896734238, 
    0.04848776385188103, 
    0.0033660477492958307, 
    0.005949175450950861, 
    -0.009337681345641613, 
    -0.0017152436776086688, 
    -0.0005364615935832262, 
    -0.05366645008325577, 
    0.03319896385073662, 
    -0.08983545005321503, 
    -0.0009442765731364489, 
    0.03374430537223816, 
    -0.007026419043540955, 
    0.0037799193523824215, 
    -2.0682716369628906, 
    -0.043123286217451096, 
    0.0010418927995488048, 
    -0.008300148881971836, 
    0.1769220530986786, 
    0.297441303730011, 
    0.024991074576973915, 
    -0.011081477627158165, 
    -0.04547421634197235, 
    0.0026293715927749872, 
    -0.07293223589658737, 
    -0.008421295322477818, 
    -0.06108435243368149, 
    -0.05625874921679497, 
    -0.032080650329589844, 
    0.0009151276899501681, 
    -0.10558174550533295, 
    0.03400625288486481, 
    -0.011036279611289501, 
    -0.029279612004756927, 
    0.0025139700155705214, 
    0.09441767632961273, 
    -1.177412509918213, 
    0.005617579445242882, 
    -0.0007071236032061279, 
    -0.004175122827291489, 
    -0.025895440950989723, 
    0.02573561482131481, 
    0.0004707548359874636, 
    0.03966901823878288, 
    -0.005398801527917385, 
    0.00022132571029942483, 
    0.0044595650397241116, 
    -0.05279499664902687, 
    0.003559717210009694, 
    0.5752536654472351, 
    0.0648118406534195, 
    -0.07951918989419937, 
    -0.10427997261285782, 
    -0.00902294646948576, 
    0.047962456941604614, 
    -0.0004297347040846944, 
    0.09867550432682037, 
    -0.001448540366254747, 
    -0.4550458490848541, 
    0.03399166092276573, 
    0.00581854023039341, 
    0.00014570393250323832, 
    0.0831216499209404, 
    -0.20973916351795197, 
    -0.006395759992301464, 
    0.03395906463265419, 
    0.0018107914365828037, 
    -0.10603561997413635, 
    -0.034165382385253906, 
    0.0009111732360906899, 
    0.0020174714736640453, 
    -0.21031729876995087, 
    -0.014812806621193886, 
    0.4673583209514618, 
    0.0002869925810955465, 
    0.05006810650229454, 
    0.003722622524946928, 
    -0.002425011247396469, 
    0.23558580875396729, 
    -1.8193305730819702, 
    -8.593124948674813e-05, 
    0.044617053121328354, 
    -0.054152652621269226, 
    -0.3587048351764679, 
    -0.21006861329078674, 
    -0.012690250761806965, 
    0.03741515427827835, 
    0.003530676942318678, 
    0.15027473866939545, 
    0.0011431005550548434, 
    0.22962118685245514, 
    0.08812959492206573, 
    0.20834337174892426, 
    0.0019399150041863322, 
    -0.026028400287032127, 
    0.10259933024644852, 
    -0.011366144753992558, 
    0.06446663290262222, 
    -0.0012967218644917011, 
    0.4460355341434479, 
    -0.10628366470336914, 
    0.0037235207855701447, 
    -0.003268953412771225, 
    0.15098801255226135, 
    0.03594481945037842, 
    -0.3409474492073059, 
    0.0025318809784948826, 
    -0.13896797597408295, 
    -0.004016287159174681, 
    0.0009677246562205255, 
    0.055222850292921066, 
    0.3791812062263489, 
    0.0008156494004651904, 
    -0.01915036141872406, 
    0.023264378309249878, 
    -0.029932377859950066, 
    0.229915052652359, 
    -0.016401298344135284, 
    1.1149382591247559, 
    0.0005202693282626569, 
    -0.11662107706069946, 
    0.00032819854095578194, 
    0.012920386157929897, 
    -0.07109252363443375, 
    0.06270435452461243, 
    -0.002532091923058033, 
    0.024161646142601967, 
    -0.0029431653674691916, 
    -0.012768828310072422, 
    0.0904967188835144, 
    -0.0038805101066827774, 
    -0.06393816322088242, 
    0.02697608806192875, 
    -0.00015712810272816569, 
    0.0027582410257309675, 
    0.014545347541570663, 
    0.09947796165943146, 
    -0.005300581455230713, 
    -0.000769314996432513, 
    -0.01664694771170616, 
    -0.0053006671369075775, 
    8.934930519899353e-05, 
    0.029039999470114708, 
    -0.01935056783258915, 
    0.000631282280664891, 
    0.027028361335396767, 
    -0.04085500165820122, 
    0.05200870707631111, 
    -0.002670164918527007, 
    -0.009240884333848953, 
    0.0267360620200634, 
    -0.0025697811506688595, 
    0.09415450692176819, 
    0.006487658247351646, 
    -0.3821887969970703, 
    0.009485741145908833, 
    0.01381225511431694, 
    0.0025983178056776524, 
    0.04219547286629677, 
    0.07454800605773926, 
    -0.00919931847602129, 
    -0.06087226793169975, 
    0.001082368427887559, 
    0.04500181972980499, 
    -0.0587058961391449, 
    -0.0008715473813936114, 
    0.004511218052357435, 
    0.02116462029516697, 
    -0.027417747303843498, 
    0.2935822606086731, 
    0.0009248773567378521, 
    0.13271309435367584, 
    0.003129386343061924, 
    -0.001408328185789287, 
    -0.09705722332000732, 
    -1.7024993896484375, 
    -0.0015535843558609486, 
    -0.08610206097364426, 
    -0.04266293719410896, 
    -0.06678419560194016, 
    -0.7382607460021973, 
    -0.00766401132568717, 
    -0.034440264105796814, 
    -0.0012814435176551342, 
    -0.352758526802063, 
    -0.0014614122919738293, 
    -0.08612951636314392, 
    0.1919364035129547, 
    0.382754385471344, 
    -0.0003978856548201293, 
    -0.3611504137516022, 
    0.036871712654829025, 
    -0.010734309442341328, 
    0.2881524860858917, 
    0.002908266382291913, 
    0.06709013134241104, 
    -0.011317860335111618, 
    -0.0011343795340508223, 
    -0.002173078479245305, 
    -0.188747838139534, 
    -1.1777352094650269, 
    -0.05781743302941322, 
    -0.0016148248687386513, 
    -0.06317362189292908, 
    0.001186162349767983, 
    0.0008918933453969657, 
    -0.40392976999282837, 
    -0.02100127935409546, 
    -0.0020356299355626106, 
    0.027405299246311188, 
    0.006551286205649376, 
    -0.002608239883556962, 
    -0.4869720935821533, 
    -0.008624071255326271, 
    -0.07349100708961487, 
    0.00030635439907200634, 
    0.033541638404130936, 
    0.0034096946474164724, 
    0.0071043288335204124, 
    -0.024850282818078995, 
    -0.2805713713169098, 
    -0.0017853265162557364, 
    -0.020289551466703415, 
    0.017847051844000816, 
    -0.010417362675070763, 
    -0.24717015027999878, 
    0.001322080148383975, 
    -0.03029024973511696, 
    -0.010031684301793575, 
    -0.00785849429666996, 
    0.0021080246660858393, 
    -0.0189809687435627, 
    0.015976902097463608, 
    0.05506690964102745, 
    -0.001595158246345818, 
    -0.1606515794992447, 
    0.0018845878075808287, 
    0.0007539705839008093, 
    -1.0506404638290405, 
    0.06493702530860901, 
    5.426466486824211e-06, 
    -0.008967630565166473, 
    0.007469954434782267, 
    0.0040739113464951515, 
    -0.1180049479007721, 
    -0.011149338446557522, 
    0.04666561260819435, 
    -0.0005588497151620686, 
    -0.04107564687728882, 
    0.008276249282062054, 
    -0.02042502351105213, 
    -0.10068032145500183, 
    0.016921965405344963, 
    0.00021379913960117847, 
    0.03896335884928703, 
    1.8053069114685059, 
    -0.014676986262202263, 
    0.02716096118092537, 
    0.001224769395776093, 
    -0.03964366018772125, 
    0.009394070133566856, 
    0.001284996629692614, 
    0.004934338387101889, 
    -0.5240310430526733, 
    -0.00173275638371706, 
    0.0016713697696104646, 
    0.0018686001421883702, 
    -0.0030211471021175385, 
    0.0015600371407344937, 
    0.001516995602287352, 
    0.04792983457446098, 
    -0.4458360970020294, 
    -0.0022315976675599813, 
    -0.0498422235250473, 
    -0.04451887682080269, 
    -0.017649294808506966, 
    0.08069102466106415, 
    -0.011718717403709888, 
    -0.13350871205329895, 
    0.003146823262795806, 
    -0.013613791204988956, 
    -0.0014489267487078905, 
    1.3178367614746094, 
    0.17589914798736572, 
    -0.03367306664586067, 
    -0.001197944162413478, 
    -0.019062090665102005, 
    -1.3042889833450317, 
    -0.015240070410072803, 
    0.0030029714107513428, 
    0.0015616384334862232, 
    -0.062331244349479675, 
    0.047906845808029175, 
    0.012357623316347599, 
    -0.0006198876653797925, 
    0.6410805583000183, 
    -0.00401691347360611, 
    0.11328667402267456, 
    -0.0004893008735962212, 
    -0.0007311611552722752, 
    -0.0012744888663291931, 
    0.000264998379861936, 
    -0.06297168880701065, 
    -0.19272521138191223, 
    -0.001312930486164987, 
    -0.07897260785102844, 
    -0.44658398628234863, 
    0.06416243314743042, 
    -0.07431554794311523, 
    -0.0037450878880918026, 
    -0.11407610028982162, 
    -0.003388061188161373, 
    -0.9363552927970886, 
    0.004735089372843504, 
    -0.21637117862701416, 
    -0.206740602850914, 
    -0.2815345823764801, 
    -0.0003709414741024375, 
    -0.7397324442863464, 
    -0.09850253909826279, 
    -0.0024777420330792665, 
    -0.0029984137509018183, 
    0.0021879083942621946, 
    0.21338699758052826, 
    -0.0663430467247963, 
    -0.0009867448825389147, 
    -0.0013256767997518182, 
    -0.0517326295375824, 
    -0.010193281807005405, 
    -0.10347416251897812, 
    -0.00030815345235168934, 
    -0.07575070112943649, 
    0.002789705526083708, 
    0.0034752683714032173, 
    -0.03441145271062851, 
    0.03793608024716377, 
    -0.0010981394443660975, 
    -0.27054059505462646, 
    0.0533737950026989, 
    -0.0910518690943718, 
    0.11020194739103317, 
    -0.0066137975081801414, 
    0.004428150597959757, 
    0.002892301417887211, 
    0.5888304710388184, 
    0.001837440300732851, 
    -0.06289967894554138, 
    -0.4151352643966675, 
    0.11585725098848343, 
    0.0019783698953688145, 
    0.8076757192611694, 
    -0.059734079986810684, 
    -0.010822140611708164, 
    0.05264818295836449, 
    0.0022473579738289118, 
    0.020458294078707695, 
    -0.05024449899792671, 
    0.01076577790081501, 
    -0.0029075343627482653, 
    0.35557878017425537, 
    0.02524183876812458, 
    -0.11114808917045593, 
    -0.004389607813209295, 
    -0.09077256172895432, 
    1.7959175238502212e-05, 
    0.0007213104981929064, 
    0.01511967834085226, 
    -0.32724955677986145, 
    0.0018586190417408943, 
    -0.05619483068585396, 
    0.010832871310412884, 
    0.17606812715530396, 
    -0.023499436676502228, 
    -0.011704935692250729, 
    -0.09614760428667068, 
    -0.00129385304171592, 
    0.12946313619613647, 
    0.0016297157853841782, 
    -0.13415248692035675, 
    0.07632343471050262, 
    0.027338195592164993, 
    0.0010299875866621733, 
    0.0078339958563447, 
    -0.05173579603433609, 
    -0.013508535921573639, 
    -0.006556333042681217, 
    0.0012176914606243372, 
    -1.936435580253601, 
    -0.018767686560750008, 
    0.004188389051705599, 
    -0.0008444966515526175, 
    -0.03851320222020149, 
    0.033143993467092514, 
    -0.35768428444862366, 
    -0.0019284009467810392, 
    0.05618806555867195, 
    0.001692592748440802, 
    0.0022525049280375242, 
    -0.012276982888579369, 
    -0.15420280396938324, 
    5.928670725552365e-05, 
    -0.0629783496260643, 
    1.173187017440796, 
    -0.21063174307346344, 
    -0.00212846789509058, 
    -0.006938817445188761, 
    0.12218935042619705, 
    0.0005216846475377679, 
    -0.07331867516040802, 
    0.00041760876774787903, 
    -0.043583255261182785, 
    -0.19652532041072845, 
    -0.007406152319163084, 
    -0.0003139250329695642, 
    -0.13095304369926453, 
    0.04491499438881874, 
    -0.014491931535303593, 
    -0.03259158506989479, 
    -0.0013353805989027023, 
    -0.2010018676519394, 
    -0.15405303239822388, 
    -0.0033531601075083017, 
    -0.002632496412843466, 
    -0.0991532951593399, 
    -0.00850686151534319, 
    -0.11595971137285233, 
    0.0014908029697835445, 
    0.13313311338424683, 
    -0.0015489602228626609, 
    -0.006126848515123129, 
    0.024780381470918655, 
    -0.14127326011657715, 
    0.0007110568694770336, 
    -1.5128291845321655, 
    0.1341249793767929, 
    0.5839605331420898, 
    0.05990803241729736, 
    -0.01366303488612175, 
    -0.03182386979460716, 
    -0.0002922912535723299, 
    -0.3173373341560364, 
    0.010540624149143696, 
    0.03003344126045704, 
    -0.03307368978857994, 
    -0.09472052752971649, 
    0.0008304212824441493, 
    -0.3887627124786377, 
    0.050854310393333435, 
    -0.011474166065454483, 
    -0.09003505110740662, 
    -0.0026703793555498123, 
    0.046734824776649475, 
    -0.023467304185032845, 
    -0.0009998593013733625, 
    -0.0030604840721935034, 
    0.08278936892747879, 
    -0.06303466856479645, 
    -0.33990904688835144, 
    -0.0005249893292784691, 
    0.26709863543510437, 
    -0.0032077063806355, 
    -8.074425568338484e-05, 
    -0.034304581582546234, 
    -0.012960369698703289, 
    0.00162266637198627, 
    -0.3659699261188507, 
    -0.012630898505449295, 
    0.1426701694726944, 
    0.018656877800822258, 
    -0.013496397994458675, 
    -0.040421001613140106, 
    -0.0004555447376333177, 
    -0.02802264876663685, 
    -0.0006707283318974078, 
    0.8624497652053833, 
    0.19047610461711884, 
    0.026168217882514, 
    -0.0009105473291128874, 
    0.0557095967233181, 
    -0.2087809294462204, 
    -0.0163333211094141, 
    -0.05259910225868225, 
    -0.0006754512432962656, 
    -0.04869202896952629, 
    -0.03189324960112572, 
    0.0031287141609936953, 
    0.0017060962272807956, 
    0.34901124238967896, 
    0.004145313054323196, 
    0.11165951937437057, 
    0.00018614722648635507, 
    -0.024307196959853172, 
    -0.0008110156049951911, 
    -0.0006216284818947315, 
    0.023282378911972046, 
    -0.1674911081790924, 
    7.222112617455423e-05, 
    0.05280832201242447, 
    -0.09611093997955322, 
    0.2377038598060608, 
    -0.09791938960552216, 
    -0.008868662640452385, 
    -0.014507855288684368, 
    0.0014716665027663112, 
    0.003018284449353814, 
    0.017787642776966095, 
    0.2516619563102722, 
    0.25873997807502747, 
    -0.04917838051915169, 
    0.0008319043554365635, 
    -0.09805166721343994, 
    0.17403869330883026, 
    -0.017764555290341377, 
    0.024169882759451866, 
    -0.0009686056291684508, 
    -0.17208361625671387, 
    0.022023269906640053, 
    -0.002771164523437619, 
    -0.0017936230869963765, 
    0.06738363206386566, 
    -0.06254341453313828, 
    -1.0092990398406982, 
    -0.00016368471551686525, 
    0.021597960963845253, 
    -0.0006179565680213273, 
    0.0002700463228393346, 
    0.2792491018772125, 
    0.321546733379364, 
    0.0005076270317658782, 
    -0.057227861136198044, 
    0.07201547920703888, 
    -0.060394514352083206, 
    0.15201987326145172, 
    -0.0032532615587115288, 
    -0.04172418639063835, 
    0.0006446972256526351, 
    -0.1334187090396881, 
    -0.0025032865814864635, 
    -0.19153402745723724, 
    0.2655128538608551, 
    -0.2124832719564438, 
    0.0014578934060409665, 
    -0.1684228479862213, 
    -0.8529303669929504, 
    -0.0072996895760297775, 
    -0.022036325186491013, 
    -0.00341115053743124, 
    -0.14742717146873474, 
    0.025086289271712303, 
    -0.0024967335630208254, 
    0.0014654212864115834, 
    -0.15807978808879852, 
    -0.07088509202003479, 
    0.39737561345100403, 
    0.003736225189641118, 
    0.25348222255706787, 
    0.0009988872334361076, 
    -0.00190535222645849, 
    0.05540326237678528, 
    0.256877064704895, 
    -0.0009993922431021929, 
    0.09292915463447571, 
    -0.7186400890350342, 
    -1.2917413711547852, 
    -0.0934370681643486, 
    -0.012105799280107021, 
    0.10288648307323456, 
    -0.005512377712875605, 
    0.07730711996555328, 
    -0.0007530185393989086, 
    -0.9040908217430115, 
    -0.05332579463720322, 
    0.008726985193789005, 
    0.0024631554260849953, 
    0.004131770227104425, 
    -0.38066771626472473, 
    -0.009882571175694466, 
    0.06743375957012177, 
    0.005116134416311979, 
    -0.09880158305168152, 
    -0.2221977412700653, 
    -0.0065644728019833565, 
    -0.0007355950656346977, 
    -0.14545510709285736, 
    0.00947954785078764, 
    -0.24095138907432556, 
    0.001422213390469551, 
    0.02713044360280037, 
    -0.0021251048892736435, 
    -0.002161469077691436, 
    0.12204620242118835, 
    0.08602292090654373, 
    0.002446133177727461, 
    -0.45603010058403015, 
    0.004561093635857105, 
    0.004947293549776077, 
    -0.003907400649040937, 
    -0.005583866499364376, 
    -0.049232594668865204, 
    -0.0004273498198017478, 
    -0.017758551985025406, 
    0.003784668631851673, 
    -0.013468446210026741, 
    0.05554233118891716, 
    2.0233726501464844, 
    -0.0029367031529545784, 
    -0.0193308275192976, 
    0.00480183120816946, 
    -0.007524711079895496, 
    0.4594658315181732, 
    -0.00045906921150162816, 
    -0.014692798256874084, 
    -0.0010524753015488386, 
    0.0008779672207310796, 
    0.0017137164250016212, 
    -0.01994083635509014, 
    -0.2813158631324768, 
    -0.01866619475185871, 
    0.00010863281204365194, 
    0.08902402967214584, 
    -0.005068536382168531, 
    0.0012541720643639565, 
    0.06340732425451279, 
    0.03649240359663963, 
    -0.0019969039130955935, 
    0.01087395939975977, 
    0.0038382401689887047, 
    0.0019945453386753798, 
    0.0022817959543317556, 
    -0.0016386911738663912, 
    -0.0025475299917161465, 
    -0.0001704241440165788, 
    0.00101878319401294, 
    0.013231122866272926, 
    -0.0006580837070941925, 
    0.008309755474328995, 
    0.000624701555352658, 
    -0.0033851885236799717, 
    -0.002850649645552039, 
    0.0022656950168311596, 
    -0.0011780736967921257, 
    -0.0006236325134523213, 
    0.0009529165108688176, 
    0.0013432955602183938, 
    -0.0011299803154543042, 
    -0.00038974956260062754, 
    0.00347436242736876, 
    -0.0024693021550774574, 
    0.0016811542445793748, 
    -0.0008314005681313574, 
    0.002792098792269826, 
    0.008746237494051456, 
    0.004648466594517231, 
    0.00048418843653053045, 
    -0.00031503947684541345, 
    -6.991966074565426e-05, 
    -0.00340216513723135, 
    -0.00092966144438833, 
    -0.09592719376087189, 
    -0.09733495861291885, 
    -0.12147925049066544, 
    -0.0056179845705628395, 
    -0.026745496317744255, 
    0.003816444193944335, 
    0.6177070140838623, 
    0.004911671858280897, 
    -0.19685709476470947, 
    0.30607345700263977, 
    0.007607822306454182, 
    -0.0004062034422531724, 
    0.2132810354232788, 
    0.13740140199661255, 
    -0.008099029771983624, 
    0.02717108651995659, 
    -0.0023426972329616547, 
    0.2835434675216675, 
    -0.08915002644062042, 
    -0.0009701275266706944, 
    0.001955019775778055, 
    -0.2759850025177002, 
    0.1216655820608139, 
    0.008189805783331394, 
    -0.003335661720484495, 
    0.2805407643318176, 
    -0.001186857116408646, 
    -0.00047516237827949226, 
    -0.02422657050192356, 
    0.5294110178947449, 
    -0.00014263959019444883, 
    0.0015152919804677367, 
    0.20286788046360016, 
    0.5065327882766724, 
    0.038092922419309616, 
    -0.00849726889282465, 
    0.024294177070260048, 
    -0.0003031455271411687, 
    -0.5083079934120178, 
    0.023692194372415543, 
    0.0030800574459135532, 
    0.4524504542350769, 
    -0.0724431499838829, 
    -0.0018013998633250594, 
    -0.6757198572158813, 
    0.004467309452593327, 
    -0.005103589501231909, 
    0.006131107918918133, 
    -0.0004850637633353472, 
    0.17994046211242676, 
    0.36493363976478577, 
    -0.003142825560644269, 
    -3.299105810583569e-05, 
    -0.27903416752815247, 
    -0.07335412502288818, 
    -0.0773584395647049, 
    0.001810023677535355, 
    0.3337728977203369, 
    0.008230567909777164, 
    0.0031765857711434364, 
    0.021960044279694557, 
    0.13352946937084198, 
    -0.002242772374302149, 
    -0.12877324223518372, 
    0.010325459763407707, 
    -0.011301934719085693, 
    0.015131667256355286, 
    -0.005237258970737457, 
    -1.234394907951355, 
    0.0014057441148906946, 
    -0.04794830083847046, 
    0.0007418277091346681, 
    0.004345731809735298, 
    -0.02207471802830696, 
    -0.018063675612211227, 
    -0.000246545736445114, 
    -0.0326261930167675, 
    0.020336132496595383, 
    -0.01577894017100334, 
    0.016905630007386208, 
    -0.0008154992247000337, 
    -0.06790205091238022, 
    0.048655539751052856, 
    -0.0029499733354896307, 
    -0.001319938339293003, 
    0.052875105291604996, 
    -0.1099313274025917, 
    -0.09587989002466202, 
    0.00069989706389606, 
    -0.13467180728912354, 
    -0.0012926410418003798, 
    -0.0026017562486231327, 
    -0.7867757678031921, 
    -0.14714567363262177, 
    -0.0014321525814011693, 
    0.044958747923374176, 
    0.015042399987578392, 
    -0.3067547380924225, 
    -0.023291420191526413, 
    -0.01018880121409893, 
    0.014168293215334415, 
    0.0003952923871111125, 
    -0.06194411963224411, 
    -0.002408150117844343, 
    1.2251073122024536, 
    -0.01174335926771164, 
    -0.0009321553516201675, 
    0.002692971844226122, 
    -0.1062665581703186, 
    0.660965621471405, 
    -0.01274457760155201, 
    -0.03593374788761139, 
    -0.0012140715261921287, 
    -0.019353073090314865, 
    -0.11280185729265213, 
    -0.0022355616092681885, 
    0.0010985425906255841, 
    0.04058802127838135, 
    8.863331458996981e-05, 
    -0.08050759136676788, 
    -0.00028877530712634325, 
    -0.014448586851358414, 
    -0.001781249768100679, 
    0.001231802743859589, 
    -0.03126956522464752, 
    0.0066338349133729935, 
    0.0004935315228067338, 
    -0.07492589950561523, 
    -0.20644982159137726, 
    0.3231388032436371, 
    -0.0882178246974945, 
    -0.013129925355315208, 
    -0.018049301579594612, 
    0.0030503999441862106, 
    -0.07732260227203369, 
    0.0019402550533413887, 
    -0.2907250225543976, 
    0.10661126673221588, 
    -0.0044870683923363686, 
    0.0008657721919007599, 
    0.005033637396991253, 
    -0.06745893508195877, 
    -0.010849020443856716, 
    -0.03220348060131073, 
    0.002307937713339925, 
    -0.5839953422546387, 
    -0.010680535808205605, 
    0.0028061075136065483, 
    0.00014492435730062425, 
    -0.2569822371006012, 
    -0.0017049666494131088, 
    0.1422196626663208, 
    -0.0017743632197380066, 
    0.06822574883699417, 
    0.001205151667818427, 
    -0.0004985856940038502, 
    -0.0841008797287941, 
    -0.6116732954978943, 
    0.00032704061595723033, 
    -0.21265657246112823, 
    0.00344283040612936, 
    -0.0460403673350811, 
    -0.33425673842430115, 
    -0.0033082033041864634, 
    -0.18270084261894226, 
    0.0005787343252450228, 
    -0.1754710078239441, 
    0.0007452619611285627, 
    0.00289340247400105, 
    0.0960029885172844, 
    -0.28636378049850464, 
    -0.000489093828946352, 
    -0.22748963534832, 
    0.020835518836975098, 
    -0.01250671036541462, 
    -0.09458155930042267, 
    0.006951009389013052, 
    0.03476906567811966, 
    0.024075662717223167, 
    0.0026821549981832504, 
    0.00020890454470645636, 
    -0.06104991212487221, 
    1.723462700843811, 
    -0.014886459335684776, 
    -0.0025387140922248363, 
    -0.1033053919672966, 
    0.007754641585052013, 
    0.004004012327641249, 
    -0.17760488390922546, 
    -0.06039348244667053, 
    0.0016273553483188152, 
    0.02345455251634121, 
    -0.009715409949421883, 
    0.021106716245412827, 
    0.468008816242218, 
    -0.020219236612319946, 
    -0.09079104661941528, 
    -0.0020661107264459133, 
    0.17937354743480682, 
    0.0019095503957942128, 
    0.04021584615111351, 
    0.026544906198978424, 
    0.8927513957023621, 
    0.0015415354864671826, 
    -0.16434840857982635, 
    0.0165513027459383, 
    -0.020824097096920013, 
    0.1556340754032135, 
    0.0013871515402570367, 
    0.05573704093694687, 
    0.013477363623678684, 
    0.005215149372816086, 
    0.0016033557476475835, 
    -0.07885508239269257, 
    0.06863021105527878, 
    -0.021395666524767876, 
    -0.0016925864620134234, 
    0.19203706085681915, 
    -0.0035045056138187647, 
    0.0004353283147793263, 
    0.11558644473552704, 
    -0.09869451820850372, 
    0.0029953548219054937, 
    0.0301315039396286, 
    0.053318168967962265, 
    -0.004185777623206377, 
    0.07240195572376251, 
    -0.011733976192772388, 
    0.042939119040966034, 
    -0.003723329398781061, 
    0.023181721568107605, 
    -0.002339570317417383, 
    -0.056112006306648254, 
    0.07579818367958069, 
    -0.2094847559928894, 
    -0.0028321079444140196, 
    -0.3885011672973633, 
    0.014331789687275887, 
    -0.016515599563717842, 
    -1.106717824935913, 
    -0.0022171593736857176, 
    0.01535338256508112, 
    0.02311447262763977, 
    -0.003474776865914464, 
    -0.0008186001796275377, 
    -0.1579153686761856, 
    -0.4394697844982147, 
    -0.025385277345776558, 
    0.002215364947915077, 
    -0.24568764865398407, 
    0.009078587405383587, 
    -0.004813231993466616, 
    0.06128302961587906, 
    -0.015097681432962418, 
    -0.0032668847125023603, 
    -0.04603368043899536, 
    0.47526785731315613, 
    0.20809581875801086, 
    0.027222881093621254, 
    -0.0025035927537828684, 
    0.0009442955488339067, 
    -0.0013026426313444972, 
    -0.03489183634519577, 
    0.0034057297743856907, 
    -0.020473400130867958, 
    -0.23730164766311646, 
    -0.018622903153300285, 
    -0.0005501322448253632, 
    -0.2709382474422455, 
    0.14676617085933685, 
    -0.003176197176799178, 
    -0.07273250073194504, 
    -0.00039011985063552856, 
    -0.2346363663673401, 
    -0.1334913969039917, 
    0.002855912782251835, 
    -1.0810582352860365e-05, 
    0.10789138078689575, 
    -0.027739694342017174, 
    -0.10858442634344101, 
    0.003681234084069729, 
    0.03765660896897316, 
    -0.005896414164453745, 
    -0.0019396119751036167, 
    0.04215703532099724, 
    0.054897110909223557, 
    -1.0449497267472907e-06, 
    0.3448103964328766, 
    -0.03320692107081413, 
    -0.08618972450494766, 
    0.057605016976594925, 
    -0.002515020314604044, 
    -0.09378324449062347, 
    0.0025011978577822447, 
    0.3039774000644684, 
    -0.014022848568856716, 
    -0.131256103515625, 
    -0.5862601399421692, 
    0.055860839784145355, 
    0.0036092251539230347, 
    1.437084436416626, 
    -0.0755089521408081, 
    -0.002879559062421322, 
    0.18866704404354095, 
    0.0001701165019767359, 
    -0.047166112810373306, 
    -0.023371946066617966, 
    0.00469393003731966, 
    0.0012446913169696927, 
    0.45570918917655945, 
    -0.17601695656776428, 
    -0.2846583425998688, 
    -0.003026413731276989, 
    -0.24061347544193268, 
    -0.00714707188308239, 
    -0.0009094883571378887, 
    -0.027137963101267815, 
    0.03223232924938202, 
    -0.0007417024462483823, 
    -0.024380413815379143, 
    0.9776036739349365, 
    0.03639376536011696, 
    -0.015060321427881718, 
    -0.004886305890977383, 
    -0.0613207072019577, 
    0.0003245074476581067, 
    -0.07628128677606583, 
    0.0092095285654068, 
    -0.1439255028963089, 
    -0.2896071672439575, 
    -0.1328207552433014, 
    -0.0017687082290649414, 
    -0.15424798429012299, 
    -0.06945845484733582, 
    -0.006620390806347132, 
    -0.08442206680774689, 
    -0.002635795623064041, 
    -0.25341376662254333, 
    -0.022176867350935936, 
    -0.001626314828172326, 
    -0.000684731756336987, 
    -0.08447477221488953, 
    -0.011147572658956051, 
    -0.17753435671329498, 
    -0.000809564022347331, 
    0.12529142200946808, 
    -0.005073487292975187, 
    -0.002875105245038867, 
    0.014502380974590778, 
    0.007853671908378601, 
    0.0012765764258801937, 
    0.20312243700027466, 
    0.011099523864686489, 
    -0.013271438889205456, 
    -0.023981720209121704, 
    -0.0028521923813968897, 
    0.054415713995695114, 
    -0.00013190765457693487, 
    0.009236262179911137, 
    0.0069051384925842285, 
    -0.07138185203075409, 
    0.3031156659126282, 
    1.231504201889038, 
    -0.0010922302026301622, 
    -0.16704599559307098, 
    0.031370148062705994, 
    -0.007539611775428057, 
    -0.10245373100042343, 
    -0.0003608297265600413, 
    0.06869439035654068, 
    -0.013700316660106182, 
    -0.0013977282214909792, 
    -0.0012866301694884896, 
    -0.09221938997507095, 
    -0.6167975664138794, 
    0.03108021430671215, 
    -0.0017640622099861503, 
    0.01791359670460224, 
    0.0015201362548395991, 
    -0.0022090626880526543, 
    -0.16789782047271729, 
    0.11015326529741287, 
    -0.001988103846088052, 
    0.009491145610809326, 
    -0.06628024578094482, 
    -0.24976499378681183, 
    0.001756607205606997, 
    -0.014014793559908867, 
    0.3213001489639282, 
    0.0004015400481875986, 
    0.076413594186306, 
    0.0008411704911850393, 
    -0.04604211822152138, 
    0.1050800308585167, 
    0.04609265923500061, 
    -0.001047951285727322, 
    -0.07561475783586502, 
    -0.012871062383055687, 
    -0.013569105416536331, 
    -0.030219130218029022, 
    0.0009077474242076278, 
    1.3293157815933228, 
    -0.1707385927438736, 
    -0.004815541673451662, 
    -0.001336741028353572, 
    0.09577887505292892, 
    -0.004607892595231533, 
    0.0351567380130291, 
    -0.0004382935876492411, 
    0.10005060583353043, 
    -0.0005843042745254934, 
    -0.000149157625855878, 
    0.023500967770814896, 
    -0.08837857842445374, 
    0.004343345295637846, 
    0.01423010416328907, 
    -0.39269036054611206, 
    -1.2090904712677002, 
    0.026966804638504982, 
    -0.012763971462845802, 
    0.02345462143421173, 
    0.008045694790780544, 
    -0.047703374177217484, 
    -0.00017201762238983065, 
    0.6225634217262268, 
    0.1796368509531021, 
    0.021369341760873795, 
    -0.001723038381896913, 
    -0.27739444375038147, 
    0.0575578436255455, 
    -0.01340874657034874, 
    0.021625002846121788, 
    -0.0015643291408196092, 
    -0.05060731619596481, 
    -0.31830039620399475, 
    0.005294230300933123, 
    -0.0024896408431231976, 
    0.6716636419296265, 
    0.030756935477256775, 
    -0.10309235751628876, 
    -0.0009171607671305537, 
    -0.14808575809001923, 
    -0.003704517614096403, 
    -0.0002363638486713171, 
    -0.14038407802581787, 
    0.01671065390110016, 
    -0.002763326046988368, 
    0.5923827886581421, 
    0.16641764342784882, 
    -0.051002658903598785, 
    0.008627531118690968, 
    -0.009774400852620602, 
    -0.2567461431026459, 
    0.0006271456368267536, 
    -0.062496837228536606, 
    0.003539637429639697, 
    -0.03035755828022957, 
    -0.02978634089231491, 
    -0.04180273413658142, 
    -0.00147499970626086, 
    -0.05192380025982857, 
    0.00331131462007761, 
    -0.013950877822935581, 
    0.03454054147005081, 
    -0.0021982830949127674, 
    -1.5737223625183105, 
    -0.08952935039997101, 
    9.337889787275344e-05, 
    0.0033089155331254005, 
    0.06404606997966766, 
    -0.027032408863306046, 
    -0.14480796456336975, 
    0.00041805164073593915, 
    0.0012108501978218555, 
    -0.0011226522037759423, 
    -0.004090393893420696, 
    0.011679350398480892, 
    0.09497763216495514, 
    -0.00038027632399462163, 
    -0.02520707994699478, 
    -0.1399589478969574, 
    0.2546512186527252, 
    -0.13588055968284607, 
    -0.009570118971168995, 
    0.05544271320104599, 
    -0.0009949557716026902, 
    -0.20827341079711914, 
    0.01281354483217001, 
    0.043856389820575714, 
    0.1633269339799881, 
    -0.036180440336465836, 
    -0.00017411359294783324, 
    -0.5502135157585144, 
    0.004820035770535469, 
    -0.007224685046821833, 
    -0.06520230323076248, 
    -0.0015622404171153903, 
    0.1716780662536621, 
    0.11819740384817123, 
    0.00023392343427985907, 
    0.0005697137676179409, 
    -0.011344103142619133, 
    -0.03083045780658722, 
    -0.0835106298327446, 
    -0.00047217734390869737, 
    0.3115510940551758, 
    0.00034730913466773927, 
    -0.003560236655175686, 
    -0.006852024234831333, 
    -0.07327624410390854, 
    0.0005511072813533247, 
    -0.23407107591629028, 
    -0.6774963140487671, 
    1.0075387954711914, 
    0.052327144891023636, 
    -0.010725196450948715, 
    -0.09698286652565002, 
    -0.003004275495186448, 
    0.11072181165218353, 
    0.0048758890479803085, 
    -0.9563292264938354, 
    0.036717336624860764, 
    -0.051086582243442535, 
    0.0012682226952165365, 
    0.3304142951965332, 
    -0.6460349559783936, 
    -0.010498283430933952, 
    -0.00734780915081501, 
    -0.0035269882064312696, 
    0.019151240587234497, 
    0.02183353714644909, 
    0.002364477841183543, 
    -0.001751106115989387, 
    -0.3257329761981964, 
    -0.06115967407822609, 
    -0.33604496717453003, 
    -0.0014345544623211026, 
    0.04415065422654152, 
    0.00088384875562042, 
    -0.000863746739923954, 
    -0.041970741003751755, 
    0.22363771498203278, 
    -0.003731436561793089, 
    0.4146375358104706, 
    -0.06207159906625748, 
    0.017969151958823204, 
    -0.00758211687207222, 
    -0.008970784023404121, 
    0.009180914610624313, 
    -0.0005643610493279994, 
    -0.15321974456310272, 
    0.005740221124142408, 
    0.7629352807998657, 
    -0.04437004774808884, 
    0.04947024956345558, 
    -0.00023525554570369422, 
    -0.12136827409267426, 
    0.03441745042800903, 
    -0.011733684688806534, 
    0.05818331614136696, 
    0.0003555947041604668, 
    0.025895416736602783, 
    -0.0010010773548856378, 
    0.0008131137583404779, 
    -5.938493268331513e-05, 
    0.45163172483444214, 
    0.013674278743565083, 
    0.06506567448377609, 
    -0.004903800319880247, 
    -0.05094436556100845, 
    -0.009096145629882812, 
    -0.0005033407942391932, 
    -0.018941868096590042, 
    -0.2125096619129181, 
    -0.0005614490364678204, 
    -0.11659754812717438, 
    0.028517642989754677, 
    0.019438493996858597, 
    0.021075647324323654, 
    -0.009979313239455223, 
    -0.035070788115262985, 
    0.0009460468427278101, 
    -0.014552511274814606, 
    -0.001060959999449551, 
    0.7112622857093811, 
    0.05053425952792168, 
    0.07829421013593674, 
    -0.0013245113659650087, 
    -0.07517565786838531, 
    0.17978593707084656, 
    -0.012376696802675724, 
    0.03324517607688904, 
    -0.0006483530160039663, 
    -0.04023308679461479, 
    -0.015965983271598816, 
    -0.0007382031180895865, 
    -0.00020104111172258854, 
    -0.11838323622941971, 
    0.06801512092351913, 
    -0.07684068381786346, 
    -0.0020124297589063644, 
    -0.012846666388213634, 
    -0.0036622851621359587, 
    -0.0037665734998881817, 
    -0.009278211742639542, 
    1.025881052017212, 
    0.0017797871259972453, 
    -0.03780737519264221, 
    -0.0030644992366433144, 
    0.05575253441929817, 
    -0.049173496663570404, 
    -0.005890836473554373, 
    0.049824196845293045, 
    -0.0032667438499629498, 
    0.07619856297969818, 
    -0.0003923364856746048, 
    -0.5285511016845703, 
    -0.11068123579025269, 
    0.11677724868059158, 
    0.002669739071279764, 
    0.06158871203660965, 
    0.719323456287384, 
    -0.007253476418554783, 
    0.05367092415690422, 
    -0.00335412728600204, 
    0.005351807922124863, 
    -0.018895236775279045, 
    -0.0044504436664283276, 
    -0.002103082137182355, 
    -0.5102102160453796, 
    0.025869492441415787, 
    -0.04703632369637489, 
    0.0022772669326514006, 
    -0.1443769931793213, 
    0.0049405707977712154, 
    -0.002445685211569071, 
    0.020552022382616997, 
    -0.1716291755437851, 
    0.0010475525632500648, 
    0.011726519092917442, 
    0.06504266709089279, 
    -0.013248658739030361, 
    1.119558572769165, 
    -0.015751240774989128, 
    0.2040376514196396, 
    -0.000603958498686552, 
    -0.14382599294185638, 
    0.0036714780144393444, 
    0.030034756287932396, 
    -0.09498922526836395, 
    0.09374265372753143, 
    0.00036481008282862604, 
    0.06832454353570938, 
    0.019331395626068115, 
    -0.009234392084181309, 
    0.22527582943439484, 
    -0.0022931790444999933, 
    0.026425721123814583, 
    0.022180752828717232, 
    -0.0017575471429154277, 
    0.0038274857215583324, 
    -0.05546588823199272, 
    -0.054564543068408966, 
    0.04322196543216705, 
    -0.0009780707769095898, 
    0.20908506214618683, 
    0.0019102846272289753, 
    -0.0033514604438096285, 
    -0.04846683517098427, 
    0.028900573030114174, 
    0.002333883661776781, 
    0.007562922779470682, 
    -0.09526094794273376, 
    0.016320008784532547, 
    0.09084407985210419, 
    -0.016097528859972954, 
    -0.05695117264986038, 
    -0.00019377990975044668, 
    -0.0272518377751112, 
    0.03104408085346222, 
    0.1414141058921814, 
    0.7322969436645508, 
    -0.06702794134616852, 
    0.001489182934165001, 
    -0.04005325958132744, 
    0.014303727075457573, 
    -0.018301166594028473, 
    -0.250670462846756, 
    -9.176898311125115e-05, 
    -0.004671670030802488, 
    0.02785719558596611, 
    -0.0018699346110224724, 
    -0.0015246575931087136, 
    -0.716770589351654, 
    0.01026008278131485, 
    -0.08626159280538559, 
    0.003109702840447426, 
    0.4719626009464264, 
    0.00724044069647789, 
    0.003818817902356386, 
    -0.028714511543512344, 
    0.02233867719769478, 
    -0.000712035980541259, 
    0.05432562157511711, 
    -0.956916332244873, 
    0.21727117896080017, 
    -0.0646379142999649, 
    -0.009894207119941711, 
    -0.015227549709379673, 
    0.0009035140974447131, 
    0.17486748099327087, 
    0.0011063150595873594, 
    -0.018139010295271873, 
    0.2063949704170227, 
    0.03156338632106781, 
    -5.0337257562205195e-05, 
    0.28504326939582825, 
    0.14057280123233795, 
    -0.010728499852120876, 
    0.024316495284438133, 
    -0.00015957064169924706, 
    0.006292703561484814, 
    1.5806324481964111, 
    -0.0013487805845215917, 
    -0.0009892507223412395, 
    0.03934137895703316, 
    -0.0010525024263188243, 
    0.0034913152921944857, 
    0.0022435293067246675, 
    -0.09974756836891174, 
    0.0024718360509723425, 
    -0.0019992042798548937, 
    0.02505059354007244, 
    -0.05937216058373451, 
    0.0013853430282324553, 
    0.30703607201576233, 
    -0.0020762933418154716, 
    0.02136491797864437, 
    0.2878917157649994, 
    -0.017661895602941513, 
    -0.10803684592247009, 
    -0.000588537601288408, 
    0.051059190183877945, 
    0.0002069957263302058, 
    0.03075465001165867, 
    -0.0072835334576666355, 
    -0.05532550811767578, 
    -0.0003029553627129644, 
    0.053158797323703766, 
    -0.022361276671290398, 
    -0.01872214861214161, 
    -0.0506415069103241, 
    0.0008575600804761052, 
    -0.05124315619468689, 
    -0.02385561168193817, 
    -0.0014103703433647752, 
    0.0027828493621200323, 
    0.004996961914002895, 
    -0.12165041267871857, 
    0.28541529178619385, 
    0.0010169338202103972, 
    0.1241910383105278, 
    0.005047348793596029, 
    -7.881834608269855e-05, 
    -1.3181966543197632, 
    -0.25139594078063965, 
    -0.0003768246970139444, 
    -0.029827361926436424, 
    -0.007684752810746431, 
    -0.004431579262018204, 
    -0.0541771799325943, 
    -0.0005678370362147689, 
    1.5315066576004028, 
    0.0016625375719740987, 
    0.14643974602222443, 
    -0.003370450111106038, 
    -0.0056094019673764706, 
    0.06009313091635704, 
    0.017167625948786736, 
    -0.001330945291556418, 
    -0.01200100127607584, 
    -0.020737741142511368, 
    -0.005982203874737024, 
    -0.05884808301925659, 
    0.0006633825250901282, 
    0.02624410390853882, 
    -0.002843150170519948, 
    -0.003715422935783863, 
    0.0012556756846606731, 
    0.006704839412122965, 
    0.020536839962005615, 
    -0.05443957820534706, 
    0.0014587088953703642, 
    -0.0491114966571331, 
    0.0074124205857515335, 
    -0.001743550761602819, 
    -0.1872774213552475, 
    0.00162862881552428, 
    0.0009397771209478378, 
    -0.014363243244588375, 
    -0.03626006096601486, 
    0.028104988858103752, 
    0.05780879035592079, 
    -0.004861881956458092, 
    -0.03914591670036316, 
    0.0006537670851685107, 
    -0.6258988380432129, 
    0.032076239585876465, 
    -0.16669093072414398, 
    0.4210648834705353, 
    -0.02373667061328888, 
    0.0011354598682373762, 
    -0.9092514514923096, 
    -0.17656800150871277, 
    -0.004229399841278791, 
    0.051793742924928665, 
    -0.0021907673217356205, 
    -0.0596642903983593, 
    0.058415234088897705, 
    -0.007574371062219143, 
    0.005162595305591822, 
    -0.6433647871017456, 
    -0.057559553533792496, 
    0.060438983142375946, 
    0.002480184193700552, 
    0.19820822775363922, 
    0.010019846260547638, 
    -0.0030071621295064688, 
    0.08961773663759232, 
    0.24237966537475586, 
    0.0017186517361551523, 
    0.15799027681350708, 
    -0.4151087999343872, 
    0.5101377964019775, 
    0.10141058266162872, 
    0.0005449517630040646, 
    0.004028925206512213, 
    -0.0013722938019782305, 
    -0.5177220702171326, 
    0.01710616424679756, 
    0.026680132374167442, 
    0.046141933649778366, 
    -0.18061791360378265, 
    0.001697631785646081, 
    -0.463970422744751, 
    0.059034887701272964, 
    -0.004244140814989805, 
    -0.18721899390220642, 
    0.0029616188257932663, 
    0.15554876625537872, 
    -0.4679647386074066, 
    -0.0014684400521218777, 
    0.002110402099788189, 
    0.03440979868173599, 
    -0.03692658990621567, 
    -0.07366175949573517, 
    0.0026705290656536818, 
    0.3064050078392029, 
    0.0045088715851306915, 
    0.0004934193566441536, 
    0.025926683098077774, 
    0.060189053416252136, 
    -0.0012241137446835637, 
    -0.2558445632457733, 
    0.4748091697692871, 
    0.1710439920425415, 
    0.08654359728097916, 
    -0.00771153811365366, 
    -0.014831018634140491, 
    0.00026086196885444224, 
    -0.07648026943206787, 
    0.0049171168357133865, 
    -0.04375447332859039, 
    -0.16829457879066467, 
    -0.051177963614463806, 
    -0.0028619871009141207, 
    -0.1668650507926941, 
    0.13989698886871338, 
    -0.007444752845913172, 
    -0.0331367664039135, 
    -0.0011161543661728501, 
    0.0012373928911983967, 
    -0.2731030583381653, 
    0.0007324277539737523, 
    -8.290911500807852e-05, 
    0.06024982035160065, 
    -0.0217753779143095, 
    0.14135417342185974, 
    0.0009097555885091424, 
    -0.05203474685549736, 
    0.00047303628525696695, 
    -0.0002562791923992336, 
    -0.02852887101471424, 
    0.02737683802843094, 
    0.004029493313282728, 
    0.39575672149658203, 
    0.23024897277355194, 
    -0.3347179591655731, 
    0.08796172589063644, 
    -0.007665261160582304, 
    -0.021988332271575928, 
    -0.002284026937559247, 
    -0.06848470866680145, 
    0.0024824615102261305, 
    -0.06447473168373108, 
    -0.22948309779167175, 
    -0.038636766374111176, 
    -0.002675057388842106, 
    -0.046486202627420425, 
    -0.009436259977519512, 
    -0.008598564192652702, 
    -0.08630222082138062, 
    -0.0017130339983850718, 
    0.18367606401443481, 
    -0.8420143127441406, 
    0.00577787309885025, 
    -0.0021390377078205347, 
    -0.10935696214437485, 
    -0.07248224318027496, 
    0.038232624530792236, 
    0.003283731173723936, 
    0.032580528408288956, 
    -0.007312694098800421, 
    -0.0016228853492066264, 
    0.04408799856901169, 
    -0.07335030287504196, 
    -8.803523815004155e-05, 
    0.6755985617637634, 
    -0.019666509702801704, 
    0.026616519317030907, 
    -0.27377283573150635, 
    -0.011459536850452423, 
    0.3694648742675781, 
    0.0005648406222462654, 
    0.009196914732456207, 
    0.0014031309401616454, 
    0.028427593410015106, 
    0.062021248042583466, 
    0.30822956562042236, 
    0.0005004206905141473, 
    -0.07625214755535126, 
    0.010694185271859169, 
    -0.009435679763555527, 
    0.09554503113031387, 
    0.0011110405903309584, 
    0.09659256041049957, 
    -0.0050389114767313, 
    0.0042486474849283695, 
    0.00048092016368173063, 
    -0.11902201175689697, 
    -0.12174097448587418, 
    0.13271793723106384, 
    0.0008264032658189535, 
    0.09986284375190735, 
    0.0015756222419440746, 
    -0.0018967578653246164, 
    0.2984611690044403, 
    -0.18847882747650146, 
    0.000271189259365201, 
    -0.01679445058107376, 
    0.19017666578292847, 
    -0.5813076496124268, 
    -0.06750936806201935, 
    -0.007430700119584799, 
    0.02853010594844818, 
    2.7017829779651947e-05, 
    0.044880643486976624, 
    -0.0004979874938726425, 
    0.30461859703063965, 
    0.03163094073534012, 
    0.16580340266227722, 
    0.0023822379298508167, 
    -0.2976010739803314, 
    0.17419898509979248, 
    -0.012900999747216702, 
    0.002934977412223816, 
    -0.0005566791514866054, 
    0.02179204300045967, 
    -0.04863665997982025, 
    0.007490171585232019, 
    0.0011668801307678223, 
    0.15118804574012756, 
    0.04796300455927849, 
    -0.048675090074539185, 
    -0.0023503717966377735, 
    -0.11516161262989044, 
    -0.0028784594032913446, 
    0.0019179495284333825, 
    0.014271006919443607, 
    0.03933760151267052, 
    -0.002159973606467247, 
    0.17054086923599243, 
    -0.4153716564178467, 
    -0.3193451464176178, 
    -0.06904429197311401, 
    -0.012646550312638283, 
    0.03841688856482506, 
    0.000899879727512598, 
    0.17317619919776917, 
    0.00041127181611955166, 
    -0.012837492860853672, 
    0.07143744081258774, 
    -0.0010344035690650344, 
    -0.0016123310197144747, 
    -0.02457513101398945, 
    -0.12901340425014496, 
    -0.01034268643707037, 
    0.09735739231109619, 
    0.0002541080175433308, 
    0.1812848150730133, 
    0.19653771817684174, 
    0.004042964428663254, 
    -0.0011578069534152746, 
    -0.24421091377735138, 
    -0.005879470147192478, 
    0.05887678638100624, 
    0.001966948388144374, 
    -0.00884951837360859, 
    0.0014039381640031934, 
    0.0050167422741651535, 
    -0.03542451933026314, 
    0.0240542683750391, 
    -0.000252360274316743, 
    -0.32979750633239746, 
    -0.004551792051643133, 
    0.004722515121102333, 
    -0.13401053845882416, 
    -0.0031601539812982082, 
    -1.8528410196304321, 
    0.0020561793353408575, 
    -0.02216813713312149, 
    -0.005133189260959625, 
    -0.0014167234767228365, 
    -0.03464078903198242, 
    -0.07152637839317322, 
    0.0019106668187305331, 
    -0.022689932957291603, 
    0.019028937444090843, 
    -0.007673902437090874, 
    0.03727450594305992, 
    -0.0017979121766984463, 
    0.017544399946928024, 
    -0.01775902882218361, 
    -0.002508658217266202, 
    -0.0019034086726605892, 
    0.003782275365665555, 
    -0.08711142838001251, 
    0.028837988153100014, 
    0.00035756349097937346, 
    -0.044384438544511795, 
    0.002855360507965088, 
    -0.004212675616145134, 
    0.07870934903621674, 
    -0.003990589175373316, 
    0.000501123839057982, 
    -0.0005753725999966264, 
    -2.154380490537733e-05, 
    -0.00018904531316366047, 
    -0.001714357640594244, 
    -0.005358968861401081, 
    -0.0005500513361766934, 
    -0.002682200400158763, 
    -9.567972301738337e-05, 
    0.00428171968087554, 
    -2.4969378500827588e-05, 
    -0.0003915459383279085, 
    -0.0004996140487492085, 
    -0.00038589679752476513, 
    -0.0004641949781216681, 
    -7.381332397926599e-05, 
    -0.003199129831045866, 
    -0.00046417565317824483, 
    -0.0025242187548428774, 
    4.562171670841053e-05, 
    -0.0004711141809821129, 
    -0.0011299486504867673, 
    -1.4836025911790784e-05, 
    -0.000579994113650173, 
    -0.00026614745729602873, 
    -0.0011561859864741564, 
    0.0012025891337543726, 
    -0.00041582679841667414, 
    -0.0005610666703432798, 
    0.00015553961566183716, 
    0.00020691561803687364, 
    -0.00017342153296340257, 
    -0.0001789063826436177, 
    0.0003353790962137282, 
    0.3174685835838318, 
    -0.10318955779075623, 
    -0.15926393866539001, 
    -0.01836555078625679, 
    -0.03878617286682129, 
    0.0035570950713008642, 
    1.2555900812149048, 
    0.00029426239780150354, 
    0.21260786056518555, 
    0.08923496305942535, 
    0.0025772100780159235, 
    0.000558704836294055, 
    0.07992979884147644, 
    -0.06937570124864578, 
    -0.01893847994506359, 
    -0.120216503739357, 
    0.0010014987783506513, 
    -0.15390847623348236, 
    -0.02719932608306408, 
    0.015222491696476936, 
    -0.0005061308038420975, 
    -0.6466644406318665, 
    0.015749773010611534, 
    -0.16989363729953766, 
    -0.0017339222831651568, 
    -0.309975802898407, 
    0.003294504014775157, 
    -0.0021719071082770824, 
    -0.03096374310553074, 
    -0.15256531536579132, 
    -0.00022616593923885375, 
    0.052151717245578766, 
    0.051444824784994125, 
    0.46084386110305786, 
    -0.030256832018494606, 
    -0.005983883049339056, 
    0.004029993899166584, 
    0.006027541123330593, 
    -0.04634610190987587, 
    0.009649652056396008, 
    0.27223339676856995, 
    0.05318532884120941, 
    0.0013944728998467326, 
    -0.00013932921865489334, 
    -0.000857438484672457, 
    0.07690072059631348, 
    -0.012821820564568043, 
    -0.035137396305799484, 
    -0.0017628887435421348, 
    -0.4371547996997833, 
    0.1527649313211441, 
    0.011729435063898563, 
    0.0035388607066124678, 
    0.39186742901802063, 
    -0.050329405814409256, 
    -1.0310885906219482, 
    -0.002472197636961937, 
    -0.004346274305135012, 
    2.2113688828540035e-05, 
    0.0004197063681203872, 
    0.010794968344271183, 
    0.2874002158641815, 
    0.005060418974608183, 
    0.0398704931139946, 
    -0.004021942615509033, 
    0.006139680743217468, 
    0.00037249806337058544, 
    0.0004559227090794593, 
    0.005340702831745148, 
    2.8319029297563247e-05, 
    0.0007728237542323768, 
    0.007976609282195568, 
    -0.003658386878669262, 
    0.009253861382603645, 
    0.003086700104176998, 
    -0.002834127750247717, 
    -0.005012401845306158, 
    0.0012054761173203588, 
    0.00044677380356006324, 
    0.0028106598183512688, 
    -0.0005226319772191346, 
    -0.002140118507668376, 
    -0.007066331338137388, 
    -0.0013475524028763175, 
    0.003402138128876686, 
    0.0009960478637367487, 
    0.0008558260160498321, 
    0.004176761023700237, 
    0.0019402550533413887, 
    0.002578812651336193, 
    0.0044075190089643, 
    4.69288497697562e-05, 
    -0.0030876630917191505, 
    0.0013945457758381963, 
    0.00028794468380510807, 
    -0.0018418431282043457, 
    -0.0038805101066827774, 
    0.0028133930172771215, 
    -0.001570593798533082, 
    -0.00066565559245646, 
    -0.0041417754255235195, 
    -0.0035263386089354753, 
    0.002157730283215642, 
    -0.0002634851261973381, 
    0.0023580610286444426, 
    0.0017620943253859878, 
    0.00013118975039105862, 
    -0.002535202307626605, 
    -0.003189082257449627, 
    0.002188953338190913, 
    -0.0017237539868801832, 
    -0.0016235881485044956, 
    0.002247567754238844, 
    -0.0028039191383868456, 
    -0.002511741127818823, 
    0.0013620989629998803, 
    0.0051042428240180016, 
    0.0003061754396185279, 
    -0.0025163523387163877, 
    -0.00035446553374640644, 
    -0.001997376326471567, 
    0.0013387379003688693, 
    0.0015587253728881478, 
    -0.0009439390851184726, 
    -0.0058905985206365585, 
    -0.00084325933130458, 
    0.0038411393761634827, 
    0.0008622589521110058, 
    0.001010172301903367, 
    -0.012853991240262985, 
    1.1837272644042969, 
    -0.015069645829498768, 
    0.08532772958278656, 
    -0.0030101300217211246, 
    0.0013713118387386203, 
    0.0063908835873007774, 
    -0.013730651699006557, 
    -0.08412777632474899, 
    -0.07797727733850479, 
    0.0005990565405227244, 
    -0.26451364159584045, 
    0.022464003413915634, 
    -0.007536438759416342, 
    0.2959992289543152, 
    0.0008202145108953118, 
    0.05583572015166283, 
    0.049309730529785156, 
    -0.0009077484719455242, 
    0.002484495984390378, 
    -0.14451558887958527, 
    0.21584980189800262, 
    0.09068192541599274, 
    0.0026895219925791025, 
    0.3243620693683624, 
    -0.0027705717366188765, 
    -0.002234053798019886, 
    0.19890697300434113, 
    0.005046037957072258, 
    0.0032355638686567545, 
    -0.0044916654005646706, 
    -0.08646175265312195, 
    -0.12227468192577362, 
    -0.09433699399232864, 
    -0.004885407630354166, 
    0.09312467277050018, 
    -0.0013983604731038213, 
    -0.045412808656692505, 
    -0.004161466378718615, 
    -0.15606477856636047, 
    0.08408436924219131, 
    -0.09524915367364883, 
    -0.0027603264898061752, 
    -0.22017423808574677, 
    -0.09130329638719559, 
    -0.010482321493327618, 
    0.041663624346256256, 
    0.0016658821841701865, 
    0.30170708894729614, 
    -0.0685066357254982, 
    -0.0019402550533413887, 
    -0.0003347206220496446, 
    -0.24461154639720917, 
    -0.011236431077122688, 
    0.6935333013534546, 
    -0.0004930555587634444, 
    0.10245618224143982, 
    0.004229207057505846, 
    0.0022158343344926834, 
    -0.10008302330970764, 
    -0.2959376871585846, 
    -0.0022566216066479683, 
    -0.044788386672735214, 
    -0.6167654991149902, 
    -0.10111894458532333, 
    -0.0892847552895546, 
    -0.009403630159795284, 
    -0.00953429564833641, 
    0.0009767817100510001, 
    -0.0978512167930603, 
    -0.005429156590253115, 
    0.028311027213931084, 
    0.33272016048431396, 
    -0.05665983259677887, 
    0.0005274695577099919, 
    0.0823419988155365, 
    -0.012546037323772907, 
    -0.006906766910105944, 
    -0.006389231886714697, 
    -8.444159175269306e-05, 
    0.5276935696601868, 
    -0.06252340227365494, 
    0.000696232367772609, 
    0.004076273646205664, 
    -0.0934668779373169, 
    -0.03260559216141701, 
    0.1342817097902298, 
    -0.00032925320556387305, 
    -0.04473376274108887, 
    0.003449022537097335, 
    -0.0009701275266706944, 
    0.01997491531074047, 
    0.09527555108070374, 
    0.001165103050880134, 
    -0.25830015540122986
]