[
    0.3164040446281433, 
    0.20751620829105377, 
    0.3334939777851105, 
    0.27156537771224976, 
    0.021680116653442383, 
    -0.06257268786430359, 
    0.0563412606716156, 
    0.11570914834737778, 
    0.35759806632995605, 
    0.13254770636558533, 
    0.3105289936065674, 
    0.2622511684894562, 
    0.05595420300960541, 
    0.2688558101654053, 
    0.5207310914993286, 
    0.3940393030643463, 
    0.32666146755218506, 
    -0.022467439994215965, 
    0.4434985816478729, 
    0.012837186455726624, 
    0.5043597221374512, 
    0.2893833816051483, 
    0.35069480538368225, 
    0.0010733949020504951, 
    0.33044877648353577, 
    0.2780071496963501, 
    0.21280212700366974, 
    0.10369718074798584, 
    -0.05155268684029579, 
    0.6653729677200317, 
    0.2949789762496948, 
    0.3072985112667084, 
    0.32506248354911804, 
    0.10728201270103455, 
    0.36811143159866333, 
    0.46120285987854004, 
    0.3661303222179413, 
    0.43877410888671875, 
    0.00954612996429205, 
    0.3573654294013977, 
    0.1593359410762787, 
    0.2735062837600708, 
    0.9928937554359436, 
    0.13100826740264893, 
    0.10538273304700851, 
    0.393608033657074, 
    0.21340927481651306, 
    0.4987785220146179, 
    0.32752981781959534, 
    0.4822990894317627, 
    0.38613492250442505, 
    0.43863674998283386, 
    0.3061761260032654, 
    0.3353947401046753, 
    -0.3190646767616272, 
    -0.1319521814584732, 
    0.30885443091392517, 
    0.37603938579559326, 
    0.13178163766860962, 
    -0.12148381024599075, 
    -0.033171284943819046, 
    -0.08216844499111176, 
    -0.3290828764438629, 
    -0.1358644813299179, 
    -0.060822367668151855, 
    0.2628577649593353, 
    0.07552880793809891, 
    -0.026161666959524155, 
    -0.2040947526693344, 
    0.2285459190607071, 
    0.5170987844467163, 
    0.7158517241477966, 
    0.36762234568595886, 
    0.2996428310871124, 
    0.3175460994243622, 
    0.21061010658740997, 
    0.4307999312877655, 
    0.6396097540855408, 
    0.5031447410583496, 
    0.3035130798816681, 
    0.0464361198246479, 
    0.4053780734539032, 
    0.21493476629257202, 
    0.26900798082351685, 
    0.2684701979160309, 
    0.4517982602119446, 
    -0.055495426058769226, 
    0.4169410467147827, 
    0.41117531061172485, 
    -0.2283012866973877, 
    0.3829708397388458, 
    0.3055810332298279, 
    0.33650973439216614, 
    -0.17540419101715088, 
    -0.25357377529144287, 
    0.45413464307785034, 
    0.45003679394721985, 
    0.34283652901649475, 
    0.49334266781806946, 
    0.6883753538131714, 
    0.2567468285560608, 
    -0.01546857412904501, 
    0.5894697904586792, 
    0.09609849750995636, 
    -0.32421284914016724, 
    0.12896303832530975, 
    0.3085242807865143, 
    0.6867560744285583, 
    0.24697987735271454, 
    0.3960372507572174, 
    0.38563138246536255, 
    0.4028720557689667, 
    0.3428089916706085, 
    0.21843624114990234, 
    0.1964598447084427, 
    0.3695029616355896, 
    -0.16907313466072083, 
    0.17118790745735168, 
    0.15221239626407623, 
    0.09745682030916214, 
    0.38913923501968384, 
    0.18726003170013428, 
    0.22664090991020203, 
    0.1439858376979828, 
    0.3210233449935913, 
    0.1820496916770935, 
    -0.013187447562813759, 
    0.22274261713027954
]