[
    0.03501958027482033, 
    0.048292435705661774, 
    0.025395916774868965, 
    0.026979748159646988, 
    0.043128106743097305, 
    0.014780278317630291, 
    0.032100219279527664, 
    0.05048009380698204, 
    0.07214540988206863, 
    0.026066118851304054, 
    0.022967180237174034, 
    0.06755763292312622, 
    0.041356101632118225, 
    0.07268962264060974, 
    0.1913442611694336, 
    0.038349881768226624, 
    0.060055751353502274, 
    0.01636827178299427, 
    0.02844082936644554, 
    0.041871655732393265, 
    0.05593171343207359, 
    0.023307081311941147, 
    0.02460922673344612, 
    2.507797525197475e-09, 
    0.09602300822734833, 
    0.01705630123615265, 
    0.12027294933795929, 
    0.025122439488768578, 
    0.031985167413949966, 
    0.025285767391324043, 
    0.10862994194030762, 
    0.0407814122736454, 
    0.06237580254673958, 
    0.05169914290308952, 
    0.03492032364010811, 
    0.02788694016635418, 
    0.01998189277946949, 
    0.03330808877944946, 
    0.00810994952917099, 
    0.11396671831607819, 
    0.06736831367015839, 
    0.06421202421188354, 
    0.05392925813794136, 
    0.01255690585821867, 
    0.044418297708034515, 
    0.10454971343278885, 
    0.141033336520195, 
    0.02996334433555603, 
    0.05210581049323082, 
    0.021768992766737938, 
    0.024356592446565628, 
    0.019680505618453026, 
    0.053361907601356506, 
    0.04868133366107941, 
    0.004769391380250454, 
    0.01727449707686901, 
    0.04610947147011757, 
    0.03198906034231186, 
    0.06007155776023865, 
    0.01676810346543789, 
    0.02081935480237007, 
    0.043081846088171005, 
    0.007130410056561232, 
    0.008339901454746723, 
    0.024015679955482483, 
    0.19293689727783203, 
    0.012746757827699184, 
    0.04492507874965668, 
    0.007858270779252052, 
    0.03473794087767601, 
    0.05507243797183037, 
    0.013991021551191807, 
    0.05044408515095711, 
    0.08843818306922913, 
    0.051821280270814896, 
    0.020637240260839462, 
    0.01537242066115141, 
    0.030447613447904587, 
    0.03422081097960472, 
    0.0336262509226799, 
    0.015591923147439957, 
    0.058799080550670624, 
    0.032184261828660965, 
    0.09149007499217987, 
    0.02692679688334465, 
    0.04491712525486946, 
    0.013776932843029499, 
    0.12580421566963196, 
    0.020150093361735344, 
    0.01044759713113308, 
    0.03189105540513992, 
    0.0855310708284378, 
    0.014276491478085518, 
    0.008493653498589993, 
    0.004236800130456686, 
    0.10698568820953369, 
    0.02890893444418907, 
    0.052338823676109314, 
    0.03720206394791603, 
    0.05815378949046135, 
    0.018250923603773117, 
    0.050773028284311295, 
    0.029032336547970772, 
    0.020359979942440987, 
    0.00494404649361968, 
    0.026488419622182846, 
    0.06028486043214798, 
    0.013731035403907299, 
    0.06204641982913017, 
    0.031249655410647392, 
    0.0525655560195446, 
    0.02524418942630291, 
    0.025041108950972557, 
    0.022635651752352715, 
    0.07257572561502457, 
    0.11836128681898117, 
    0.004278954118490219, 
    0.08990035951137543, 
    0.01839975081384182, 
    0.04204387217760086, 
    0.045210570096969604, 
    0.054952267557382584, 
    0.04845193028450012, 
    0.037357937544584274, 
    0.029639704152941704, 
    0.06135362759232521, 
    5.605193857299268e-45, 
    0.13719750940799713
]