[
    0.06529184430837631, 
    -0.042111966758966446, 
    0.36681416630744934, 
    -0.02116796001791954, 
    0.10719673335552216, 
    0.024853497743606567, 
    0.06892351806163788, 
    0.3319762945175171, 
    -0.001138664549216628, 
    0.49190348386764526, 
    0.7488240003585815, 
    0.3513965904712677, 
    -0.03022717498242855, 
    -0.05638851970434189, 
    -0.03959805890917778, 
    0.3249698579311371, 
    0.316694051027298, 
    0.3237890899181366, 
    0.034321874380111694, 
    0.0522012859582901, 
    0.08088700473308563, 
    0.5734923481941223, 
    -0.13358865678310394, 
    -0.022104939445853233, 
    0.10237804800271988, 
    0.029183238744735718, 
    0.31678324937820435, 
    -0.003439393825829029, 
    -0.012745799496769905, 
    0.13570468127727509, 
    0.1835019886493683, 
    0.543349027633667, 
    0.16548390686511993, 
    0.4500446319580078, 
    0.10500399768352509, 
    -0.0006808203761465847, 
    -0.010007644072175026, 
    -0.012778084725141525, 
    0.013765458948910236, 
    -0.007635642308741808, 
    -0.15789243578910828, 
    -0.3114898204803467, 
    0.23814237117767334, 
    0.08927255123853683, 
    0.11275538057088852, 
    0.27662235498428345, 
    0.14227129518985748, 
    0.08690022677183151, 
    0.5147802829742432, 
    -0.11303671449422836, 
    -0.00868232361972332, 
    -0.002552788006141782, 
    0.4343954622745514, 
    0.27453431487083435, 
    0.3631041347980499, 
    0.15913137793540955, 
    0.36861151456832886, 
    -0.005131877493113279, 
    0.06715603172779083, 
    -0.06733289361000061, 
    0.24964596331119537, 
    0.490707665681839, 
    -0.09829701483249664, 
    0.03336778283119202, 
    0.04732367396354675, 
    0.0938507616519928, 
    0.008604860864579678, 
    0.2896423637866974, 
    0.2476935088634491, 
    0.550530195236206, 
    0.40444883704185486, 
    0.40870484709739685, 
    0.11485312879085541, 
    0.4010792374610901, 
    0.15602917969226837, 
    0.05237313359975815, 
    -0.03390510380268097, 
    0.4477076828479767, 
    0.11330051720142365, 
    0.0807325467467308, 
    -0.04851054400205612, 
    0.25632479786872864, 
    0.1698209047317505, 
    0.07182128727436066, 
    -0.11143257468938828, 
    -0.13132315874099731, 
    0.106719009578228, 
    0.44906172156333923, 
    0.1696709394454956, 
    0.27306801080703735, 
    -0.41489624977111816, 
    0.1543876975774765, 
    -0.02312694489955902, 
    -0.06276489794254303, 
    0.26981785893440247, 
    0.29400962591171265, 
    0.5105730891227722, 
    0.4002470076084137, 
    -0.013819029554724693, 
    0.02058415301144123, 
    -0.06899406760931015, 
    -0.051958341151475906, 
    0.3251327872276306, 
    0.10294819623231888, 
    -0.16578081250190735, 
    0.1899164766073227, 
    0.548247754573822, 
    0.022154878824949265, 
    0.10412518680095673, 
    0.0019262222340330482, 
    0.43107616901397705, 
    0.2189178466796875, 
    -0.05659911409020424, 
    0.6244538426399231, 
    -0.25687503814697266, 
    0.3791351914405823, 
    0.32914531230926514, 
    -0.30919453501701355, 
    0.12545011937618256, 
    0.3183067739009857, 
    0.1406908631324768, 
    -0.2659924030303955, 
    0.04105206951498985, 
    0.05025210976600647, 
    0.28147590160369873, 
    -0.13471993803977966, 
    -0.017606155946850777, 
    0.15781690180301666, 
    -0.10677632689476013, 
    0.13916903734207153, 
    -0.005079467780888081, 
    0.07044469565153122, 
    0.5013918876647949, 
    -0.07371646910905838, 
    -0.00039342237869277596, 
    -0.03881886228919029, 
    0.17046552896499634, 
    -0.17323854565620422, 
    -0.12852923572063446, 
    0.5523014664649963, 
    0.6021029353141785, 
    -0.0015893991803750396, 
    -0.12049617618322372, 
    0.4143792688846588, 
    0.06091272830963135, 
    0.2922995388507843, 
    0.05157602205872536, 
    0.05202028900384903, 
    -0.10522807389497757, 
    0.2033245861530304, 
    -0.12317396700382233, 
    0.03073870576918125, 
    0.1988775134086609, 
    0.11130660027265549, 
    0.1689739227294922, 
    0.3677561581134796, 
    0.31721794605255127, 
    0.5389821529388428, 
    0.26708081364631653, 
    0.3789563775062561, 
    0.20472033321857452, 
    0.16267526149749756, 
    0.46095117926597595, 
    -0.0038969607558101416, 
    0.49197033047676086, 
    -0.14281316101551056, 
    0.11698584258556366, 
    -0.30440181493759155, 
    0.018152989447116852, 
    0.3144972026348114, 
    -0.18004551529884338, 
    0.26889312267303467, 
    0.5153535008430481, 
    -0.021342363208532333, 
    0.2183542102575302, 
    -0.07123361527919769, 
    0.1326303631067276, 
    0.1554075926542282, 
    0.14930008351802826, 
    0.07963758707046509, 
    -0.059115491807460785, 
    0.05300028249621391, 
    -0.06981904804706573, 
    -0.586609423160553, 
    0.3497051000595093, 
    0.12831249833106995, 
    0.3876298666000366, 
    0.19068557024002075, 
    0.12214281409978867, 
    -0.20209243893623352, 
    0.06442820280790329, 
    0.20990519225597382, 
    0.07135970145463943, 
    0.39545026421546936, 
    0.2132461816072464, 
    0.29384273290634155, 
    0.25260719656944275, 
    0.5764990448951721, 
    -0.02609783224761486, 
    0.06863713264465332, 
    0.0976228341460228, 
    0.2903844118118286, 
    0.17234183847904205, 
    0.1244153082370758, 
    0.1360464096069336, 
    0.11318649351596832, 
    0.13058598339557648, 
    0.040663719177246094, 
    0.24822288751602173, 
    0.42683878540992737, 
    0.23731692135334015, 
    0.13508181273937225, 
    -0.1292741596698761, 
    0.0325610376894474, 
    0.3923618495464325, 
    0.11269541829824448, 
    0.010933930985629559, 
    0.09638641774654388, 
    -0.22016941010951996, 
    0.05444461852312088, 
    0.11945565044879913, 
    0.15844367444515228, 
    0.33009153604507446, 
    0.149875208735466, 
    -0.13020086288452148, 
    0.1220877394080162, 
    0.05657021328806877, 
    -0.0879688635468483, 
    0.04622514918446541, 
    -0.16725195944309235, 
    0.3434599041938782, 
    -0.07476262003183365, 
    0.14920394122600555, 
    -0.05067996308207512, 
    0.5253804326057434, 
    -0.3753609359264374, 
    0.15765398740768433, 
    0.011801229789853096, 
    0.09825504571199417, 
    -0.046282555907964706, 
    0.024548370391130447, 
    -0.1035861000418663, 
    -0.19603471457958221, 
    -0.16565793752670288, 
    0.08457119017839432, 
    0.24458391964435577, 
    0.31148451566696167, 
    0.17873701453208923, 
    0.05021015927195549, 
    0.1071862056851387, 
    0.08929937332868576, 
    0.03127117455005646, 
    0.3811042904853821, 
    0.35781824588775635, 
    0.12991775572299957, 
    0.24892500042915344, 
    0.41137945652008057, 
    0.13819573819637299, 
    -0.1150396540760994, 
    -0.10834775120019913, 
    -0.27985695004463196, 
    -0.14260263741016388, 
    -0.06857272982597351, 
    0.0961272343993187, 
    0.37517085671424866, 
    0.11520735174417496, 
    0.14299683272838593, 
    0.23943449556827545, 
    0.23587502539157867, 
    -0.12889160215854645, 
    0.024997223168611526, 
    0.04086771234869957, 
    0.06438353657722473, 
    0.2936890125274658, 
    0.36984917521476746, 
    -0.10395929217338562, 
    0.29498133063316345, 
    -0.07380697131156921, 
    0.10741077363491058, 
    -0.16367056965827942, 
    0.054749056696891785, 
    0.01353731844574213, 
    0.4544154107570648, 
    -0.14152085781097412, 
    0.43615731596946716, 
    0.12757083773612976, 
    0.3192985951900482, 
    0.07220891118049622, 
    0.14275974035263062, 
    -0.3947860598564148, 
    -0.11063652485609055, 
    0.09115060418844223, 
    0.08267851918935776, 
    0.4751816987991333, 
    0.0031702793203294277, 
    0.10339942574501038, 
    0.30516985058784485, 
    0.03482884168624878, 
    0.05315616726875305, 
    -0.055138975381851196, 
    -0.013705956749618053, 
    -0.0877988189458847, 
    0.15521682798862457, 
    -0.052489399909973145, 
    0.2569839358329773, 
    -0.15777629613876343, 
    -0.02839965932071209, 
    -0.24394063651561737, 
    0.34755048155784607, 
    0.45874354243278503, 
    0.07321074604988098, 
    0.1119600459933281, 
    -0.07956759631633759, 
    0.48375919461250305, 
    0.1117333397269249, 
    -0.05996468663215637, 
    0.019070861861109734, 
    0.008159245364367962, 
    -0.07510630786418915, 
    -0.0007230235496535897, 
    0.11219578236341476, 
    0.0804506316781044, 
    0.13300460577011108, 
    0.053361229598522186, 
    -0.07860621064901352, 
    0.11264943331480026, 
    0.45838692784309387, 
    0.09874757379293442, 
    0.019722534343600273, 
    0.3794761300086975, 
    0.285258024930954, 
    0.02378113567829132, 
    0.40554916858673096, 
    0.36177313327789307, 
    -0.05297914147377014, 
    0.22616930305957794, 
    0.3396233320236206, 
    0.2888617515563965, 
    0.14201697707176208, 
    -0.005357194226235151, 
    -0.22528231143951416, 
    0.256931871175766, 
    0.18780478835105896, 
    -0.060455337166786194, 
    0.2629331052303314, 
    -0.09202974289655685, 
    0.13020360469818115, 
    -0.2144732028245926, 
    -0.21459391713142395, 
    0.01618756353855133, 
    0.14307717978954315, 
    0.16296976804733276, 
    0.3010490834712982, 
    0.06157810240983963, 
    0.4270002543926239, 
    -0.10662278532981873, 
    -0.14125637710094452, 
    -0.08938619494438171, 
    0.5405737161636353, 
    0.049353666603565216, 
    -0.05063474550843239, 
    -0.11820652335882187, 
    0.5326166152954102, 
    0.15917211771011353, 
    0.3322603404521942, 
    0.02107252925634384, 
    -0.07621701806783676, 
    0.46685075759887695, 
    0.02442588284611702, 
    0.6122841238975525, 
    -0.02289029210805893, 
    0.03071543760597706, 
    0.0925910696387291, 
    0.01364200096577406, 
    -0.11300986260175705, 
    0.33794087171554565, 
    -0.043879732489585876, 
    0.24506308138370514, 
    0.16920162737369537, 
    0.6147708296775818, 
    -0.03139384835958481, 
    0.14683441817760468, 
    0.22306586802005768, 
    0.1793307214975357, 
    -0.029075145721435547, 
    0.06061798706650734, 
    0.06096472218632698, 
    0.31433814764022827, 
    0.024716056883335114, 
    -0.15230834484100342, 
    0.12957610189914703, 
    0.12015289068222046, 
    -0.04824241250753403, 
    -0.01880785822868347, 
    0.47114911675453186, 
    -0.036012448370456696, 
    0.26444748044013977, 
    0.001715624239295721, 
    0.18124912679195404, 
    0.2778368890285492, 
    -0.03312777727842331, 
    -0.039370182901620865, 
    0.2752181887626648, 
    0.41757732629776, 
    -0.10624957084655762, 
    0.4078989624977112, 
    0.04143727198243141, 
    0.04004766047000885, 
    -0.15239785611629486, 
    -0.2675210237503052, 
    -0.12915435433387756, 
    -0.10106693208217621, 
    0.08481539785861969, 
    -0.12118672579526901, 
    0.4006088376045227, 
    0.4703580439090729, 
    0.3113316297531128, 
    0.2235432267189026, 
    0.001968232449144125, 
    0.1983308047056198, 
    0.3018115758895874, 
    -0.12722869217395782, 
    0.1568342000246048, 
    -0.006213570944964886, 
    0.5366199016571045, 
    0.44949015974998474, 
    -0.144269198179245, 
    0.3402511477470398, 
    0.007141624111682177, 
    0.39647746086120605, 
    0.1407892107963562, 
    -0.12730471789836884, 
    0.28481078147888184, 
    -0.043492432683706284, 
    -0.2739102244377136, 
    0.38536059856414795, 
    -0.16046833992004395, 
    0.4461912512779236, 
    0.319783091545105, 
    -0.15402330458164215, 
    0.033097777515649796, 
    0.16024932265281677, 
    0.4792911112308502, 
    -0.04844667389988899, 
    0.25763899087905884, 
    0.04557143896818161, 
    0.0064401826821267605, 
    0.13394439220428467, 
    0.29347264766693115, 
    0.5017102956771851, 
    0.0359635055065155, 
    0.5000351667404175, 
    0.1308966428041458, 
    0.32754695415496826, 
    0.13361094892024994, 
    -0.19036653637886047, 
    -0.09808346629142761, 
    0.5413516163825989, 
    0.08182884007692337, 
    0.5977101922035217, 
    0.12380585074424744, 
    0.4515913128852844, 
    0.44644856452941895, 
    0.16580350697040558, 
    0.31862926483154297, 
    0.08799337595701218, 
    0.45997345447540283, 
    0.3474354147911072, 
    0.13191965222358704, 
    0.08660383522510529, 
    0.07283167541027069, 
    0.23880308866500854, 
    0.10413743555545807, 
    0.056009337306022644, 
    0.07645335793495178, 
    -0.04128935933113098, 
    0.706949770450592, 
    0.09622997790575027, 
    0.27890312671661377, 
    0.08959756791591644, 
    -0.029869135469198227, 
    0.09645657241344452, 
    0.10798324644565582, 
    -0.2187070995569229, 
    0.10858194530010223, 
    0.4212283790111542, 
    0.3427506387233734, 
    -0.06572313606739044, 
    0.15198688209056854, 
    0.2875003516674042, 
    0.006114785559475422, 
    0.501743733882904, 
    0.26447615027427673, 
    0.37721243500709534, 
    -0.12759427726268768, 
    0.30286547541618347, 
    0.5688744783401489, 
    0.020175939425826073, 
    0.11867441982030869, 
    -0.17048174142837524, 
    -0.1167270839214325, 
    -0.08693896979093552, 
    -0.01678468845784664, 
    0.11699441075325012, 
    0.05497130751609802, 
    -0.0857333242893219, 
    0.06366247683763504, 
    -0.6419516801834106, 
    0.10303571820259094, 
    -0.09677038341760635, 
    -0.2887929379940033, 
    -0.23532995581626892
]