[
    0.13378185033798218, 
    0.11647001653909683, 
    -0.021244723349809647, 
    0.5155420899391174, 
    -0.13142380118370056, 
    0.18526571989059448, 
    0.11910378932952881, 
    -0.266412615776062, 
    0.4266526699066162, 
    0.3080251216888428, 
    -0.10840285569429398, 
    0.5344879031181335, 
    -0.664786159992218, 
    -0.04709367826581001, 
    0.19645792245864868, 
    -0.03508970886468887, 
    0.29543569684028625, 
    0.2756426930427551, 
    0.3582015037536621, 
    0.08682356029748917, 
    0.10286436975002289, 
    -0.12574495375156403, 
    0.514342188835144, 
    0.011338245123624802, 
    0.07629182934761047, 
    0.37087181210517883, 
    0.0570775642991066, 
    0.2690514326095581, 
    0.18141402304172516, 
    0.011019768193364143, 
    0.0800480842590332, 
    0.13676799833774567, 
    -0.13788150250911713, 
    -0.06841763108968735, 
    -0.17856445908546448, 
    0.08910754323005676, 
    -0.427944540977478, 
    0.10137269645929337, 
    -0.09255543351173401, 
    -0.0825909972190857, 
    -0.7013726234436035, 
    0.03315449506044388, 
    0.09122449159622192, 
    0.05853491649031639, 
    -2.6954996428685263e-05, 
    0.19352541863918304, 
    0.09572657942771912, 
    0.15974445641040802, 
    0.21492940187454224, 
    0.5797008275985718, 
    0.02541130967438221, 
    0.11775731295347214, 
    0.07197705656290054, 
    0.1610357165336609, 
    0.0505957268178463, 
    0.06781531870365143, 
    0.23277130722999573, 
    0.3614842891693115, 
    0.09787846356630325, 
    0.35435056686401367, 
    0.3343919515609741, 
    0.040508635342121124, 
    -0.012640904635190964, 
    0.04296056553721428, 
    0.5173254013061523, 
    0.33133482933044434, 
    0.027391063049435616, 
    0.004269380122423172, 
    0.011340859346091747, 
    0.54744553565979, 
    0.11494988203048706, 
    0.5676119923591614, 
    -0.13076098263263702, 
    0.21236835420131683, 
    -0.22096233069896698, 
    0.0793335810303688, 
    -0.16197168827056885, 
    -0.07352311164140701, 
    0.3137724697589874, 
    0.043428801000118256, 
    0.5083236694335938, 
    -0.14362318813800812, 
    0.5111938714981079, 
    0.10269998013973236, 
    0.2830863893032074, 
    0.1520640105009079, 
    0.04888962209224701, 
    0.03841131180524826, 
    0.5107579231262207, 
    -0.15596650540828705, 
    0.222542867064476, 
    0.07817647606134415, 
    0.09288035333156586, 
    -0.019436843693256378, 
    0.5698574781417847, 
    -0.07141660153865814, 
    0.03848367929458618, 
    0.7900708317756653, 
    0.11775043606758118, 
    0.2720329463481903, 
    0.5589865446090698, 
    0.29430636763572693, 
    0.03821173682808876, 
    0.059051644057035446, 
    0.10547830909490585, 
    0.03391804173588753, 
    0.49530383944511414, 
    -0.3554971218109131, 
    -0.10103607177734375, 
    0.21772325038909912, 
    0.06746921688318253, 
    0.1220877543091774, 
    0.1384129524230957, 
    0.19669996201992035, 
    -0.024639124050736427, 
    0.39400148391723633, 
    -0.03646307438611984, 
    0.49066537618637085, 
    0.2976709306240082, 
    0.21823514997959137, 
    0.33236047625541687, 
    -0.127359077334404, 
    -0.11762931197881699, 
    0.13421492278575897, 
    -0.012279409915208817, 
    0.22894003987312317, 
    -0.010886161588132381, 
    0.13039113581180573, 
    0.2532750368118286, 
    -0.050102364271879196, 
    0.23659168183803558, 
    -0.1068657785654068, 
    0.07722253352403641, 
    -0.0865701213479042, 
    -0.054657042026519775, 
    0.5318626165390015, 
    0.27986693382263184, 
    0.026033423840999603, 
    0.5750983953475952, 
    0.06453840434551239, 
    0.03602921962738037, 
    -0.04570605605840683, 
    0.6704068183898926, 
    0.31618621945381165, 
    -0.09882999211549759, 
    0.03763941302895546, 
    0.08236400038003922, 
    0.7163687944412231, 
    0.0798402950167656, 
    -0.08693348616361618, 
    0.35912972688674927, 
    0.28802022337913513, 
    -0.012543974444270134, 
    -0.083739273250103, 
    -0.45844566822052, 
    0.008134724572300911, 
    0.13724571466445923, 
    0.08935553580522537, 
    -0.1095004677772522, 
    0.12452847510576248, 
    0.1915707290172577, 
    0.05249571427702904, 
    0.0777914971113205, 
    -0.387385755777359, 
    0.28869161009788513, 
    0.062365658581256866, 
    0.030474016442894936, 
    0.5953634977340698, 
    -0.09602757543325424, 
    0.47752243280410767, 
    -0.06563418358564377, 
    0.06672446429729462, 
    0.5398839712142944, 
    0.002656819298863411, 
    -0.005242772866040468, 
    -0.24939098954200745, 
    0.4683382511138916, 
    0.184271439909935, 
    0.01579100452363491, 
    -0.17078256607055664, 
    0.1411532610654831, 
    0.08654454350471497, 
    0.028809061273932457, 
    0.2432951033115387, 
    -0.057365015149116516, 
    -0.044610634446144104, 
    0.40139493346214294, 
    0.09214770048856735, 
    -0.18253609538078308, 
    -0.12082067131996155, 
    -0.18120881915092468, 
    -0.10538248717784882, 
    -0.019405001774430275, 
    0.11522498726844788, 
    0.15469160676002502, 
    0.1965392529964447, 
    0.14367058873176575, 
    -0.06242827698588371, 
    0.3831159770488739, 
    0.12640269100666046, 
    0.4982772767543793, 
    0.4409290850162506, 
    0.17096082866191864, 
    0.03450179845094681, 
    0.026640042662620544, 
    -0.007043010555207729, 
    0.522801399230957, 
    0.05686918646097183, 
    -0.029622983187437057, 
    0.06604862958192825, 
    -0.1575467437505722, 
    0.07283569872379303, 
    -0.11708201467990875, 
    0.04420680180191994, 
    0.3572837710380554, 
    0.04101317748427391, 
    0.011063581332564354, 
    0.171373650431633, 
    -0.13426725566387177, 
    0.5639346241950989, 
    0.16180340945720673, 
    0.046591617166996, 
    -0.28690582513809204, 
    0.0565776601433754, 
    -0.01715058460831642, 
    0.0275283083319664, 
    -0.0111190564930439, 
    0.313143253326416, 
    0.2347615510225296, 
    0.34746426343917847, 
    -0.15490826964378357, 
    0.24403320252895355, 
    0.2009308785200119, 
    0.1422203779220581, 
    -0.025833988562226295, 
    0.1264890432357788, 
    -0.02151155285537243, 
    -0.04297614097595215, 
    0.2745143175125122, 
    -0.11581084877252579, 
    -0.04456636682152748, 
    0.42946940660476685, 
    0.08230563253164291, 
    0.33503466844558716, 
    0.5613773465156555, 
    0.1572108417749405, 
    0.3895101547241211, 
    0.03543567657470703, 
    -0.08130247890949249, 
    -0.10533805191516876, 
    -0.01235535740852356, 
    -0.026436081156134605, 
    -0.2450309693813324, 
    -0.20033931732177734, 
    -0.050791312009096146, 
    -0.18242110311985016, 
    0.18083906173706055, 
    0.4202994406223297, 
    0.05865582078695297, 
    -0.005750452168285847, 
    -0.2742352783679962, 
    0.24988363683223724, 
    -0.09321452677249908, 
    -0.4377391040325165, 
    0.039027925580739975, 
    0.018792754039168358, 
    0.06405984610319138, 
    0.6227413415908813, 
    0.10525727272033691, 
    0.15665511786937714, 
    0.17380864918231964, 
    0.12962456047534943, 
    -0.10036186128854752, 
    0.10953591763973236, 
    0.315226286649704, 
    0.1515580266714096, 
    -0.09655534476041794, 
    -0.012662986293435097, 
    0.12142562121152878, 
    0.02606172487139702, 
    0.40225377678871155, 
    -5.122375341670704e-07, 
    0.08000316470861435, 
    0.05964091047644615, 
    -0.045358505100011826, 
    -0.006868293974548578, 
    0.10639011114835739, 
    0.08498267829418182, 
    0.14484918117523193, 
    0.5899906754493713, 
    0.5583338141441345, 
    0.024171918630599976, 
    -0.020297551527619362, 
    -0.00665791891515255, 
    0.1636624038219452, 
    -0.11490590870380402, 
    0.33158865571022034, 
    0.07916098833084106, 
    -0.03647880256175995, 
    0.08339723199605942, 
    0.2613964378833771, 
    -0.10815109312534332, 
    0.29938849806785583, 
    0.03702973946928978, 
    0.1460106521844864, 
    0.10152291506528854, 
    0.17651937901973724, 
    0.17685247957706451, 
    0.15587007999420166, 
    0.5924311280250549, 
    -0.19103671610355377, 
    0.01804135926067829, 
    -0.03366166353225708, 
    0.14891861379146576, 
    -0.042793840169906616, 
    0.031936705112457275, 
    0.12239158153533936, 
    -0.2837103307247162, 
    0.3136701285839081, 
    0.29187479615211487, 
    0.1745672971010208, 
    0.09838119894266129, 
    -0.007687300443649292, 
    0.231861412525177, 
    0.3384300172328949, 
    -0.02275983616709709, 
    0.30437716841697693, 
    0.16133132576942444, 
    0.04968681558966637, 
    0.3388102650642395, 
    0.3204469680786133, 
    0.12262915074825287, 
    -0.07192035019397736, 
    0.35663047432899475, 
    -0.25074198842048645, 
    0.35606688261032104, 
    0.5340536236763, 
    0.29411810636520386, 
    0.1043759137392044, 
    0.14814269542694092, 
    0.32594990730285645, 
    0.05207077041268349, 
    0.2035185843706131, 
    0.1394624263048172, 
    -0.13234803080558777, 
    0.4070872962474823, 
    -0.1678430587053299, 
    -0.1390988677740097, 
    0.20031698048114777, 
    0.2408912181854248, 
    0.3042936623096466, 
    0.5288470983505249, 
    0.14142757654190063, 
    -0.2583176791667938, 
    -0.29676830768585205, 
    0.06655319035053253, 
    0.672073245048523, 
    -0.11444031447172165, 
    0.7013757824897766, 
    0.5062838792800903, 
    -0.28349560499191284, 
    -0.05045827105641365, 
    0.07480433583259583, 
    0.057118114084005356, 
    0.2568107843399048, 
    0.03273457661271095, 
    0.01638546772301197, 
    -0.31591981649398804, 
    -0.3543112874031067, 
    -0.014528026804327965, 
    0.17127355933189392, 
    -0.030956735834479332, 
    0.41817301511764526, 
    0.6098127365112305, 
    0.050339847803115845, 
    -0.061991166323423386, 
    0.02209564857184887, 
    -0.061751820147037506, 
    -0.1868274211883545, 
    0.011426839046180248, 
    0.23303085565567017, 
    0.1570332646369934, 
    0.18192750215530396, 
    0.05497041717171669, 
    0.040056269615888596, 
    0.29988470673561096, 
    0.10493811964988708, 
    0.27577653527259827, 
    0.612699031829834, 
    0.5410680770874023, 
    0.10740675777196884, 
    0.10077019780874252, 
    0.030382445082068443, 
    0.0262615866959095, 
    0.43966200947761536, 
    0.05288173630833626, 
    0.3386279344558716, 
    0.6671227216720581, 
    0.053152717649936676, 
    0.13280172646045685, 
    0.025513941422104836, 
    0.48030006885528564, 
    0.002306885551661253, 
    -0.3575117588043213, 
    0.5215089917182922, 
    0.013136055320501328, 
    -0.015200641937553883, 
    0.005861389916390181, 
    0.47498199343681335, 
    -0.04931686446070671, 
    -0.15915998816490173, 
    0.5788055062294006, 
    -0.017574341967701912, 
    -0.1575114130973816, 
    0.0484149344265461, 
    0.12956689298152924, 
    0.06776975095272064, 
    0.06210271641612053, 
    0.01898668333888054, 
    -0.05911804363131523, 
    0.18575583398342133, 
    -0.11656103283166885, 
    0.09736737608909607, 
    0.3027570843696594, 
    0.1120803952217102, 
    0.14618302881717682, 
    0.5080755352973938, 
    0.5055356621742249, 
    -0.40671083331108093, 
    0.37556055188179016, 
    0.13619641959667206, 
    0.09871726483106613, 
    0.11050140857696533, 
    0.10394122451543808, 
    0.6037793159484863, 
    -0.14661826193332672, 
    0.5039752721786499, 
    -0.027405930683016777, 
    0.006969412323087454, 
    0.1796397864818573, 
    -0.028362371027469635, 
    0.34759509563446045, 
    -0.1852908432483673, 
    0.4856155812740326, 
    -0.16564182937145233, 
    -0.1735346019268036, 
    -0.3194935917854309, 
    -0.016571996733546257, 
    0.13601192831993103, 
    0.3608357906341553, 
    0.03570221737027168, 
    0.0807010605931282, 
    0.5932906270027161, 
    0.03872854635119438, 
    0.5388619303703308, 
    0.03240964189171791, 
    0.10595624148845673, 
    0.10400476306676865, 
    0.2639162540435791, 
    0.08876432478427887, 
    0.014187244698405266, 
    0.0635213628411293, 
    0.058917347341775894, 
    -0.21014271676540375, 
    0.17348544299602509, 
    0.4062804877758026, 
    -0.0024861530400812626, 
    -0.07441433519124985, 
    -0.09472403675317764, 
    0.2294190227985382, 
    0.3021376430988312, 
    0.412166029214859, 
    0.22812996804714203, 
    0.22364573180675507, 
    0.38613566756248474, 
    -0.00680422643199563, 
    0.11464778333902359, 
    0.5568224191665649, 
    -0.6011229753494263, 
    0.42265820503234863, 
    0.6468886137008667, 
    -0.02809971012175083, 
    0.5672564506530762, 
    0.04835031181573868, 
    0.08058011531829834, 
    0.06228591129183769, 
    0.21136179566383362, 
    -0.6593958139419556, 
    0.0005517143872566521, 
    0.17044076323509216, 
    -0.18882223963737488, 
    0.13797172904014587, 
    -0.047597672790288925, 
    0.33082807064056396, 
    0.34888768196105957, 
    0.5437449812889099, 
    -0.20630726218223572, 
    0.5768529176712036, 
    -0.13410140573978424, 
    0.09561919420957565, 
    0.16790993511676788, 
    0.5788122415542603, 
    -0.12509049475193024, 
    -0.1732904464006424, 
    0.0347069688141346, 
    0.1031210795044899, 
    0.0493890717625618, 
    -0.2504902482032776, 
    0.5692423582077026, 
    0.3393705487251282, 
    0.17633062601089478, 
    -0.12020618468523026
]