[
    0.9430396556854248, 
    0.3651036024093628, 
    0.247511088848114, 
    0.38589853048324585, 
    0.5287991166114807, 
    1.2973934412002563, 
    0.9018451571464539, 
    0.2571222186088562, 
    0.4997434914112091, 
    0.9840275049209595, 
    0.6103429794311523, 
    0.6235212087631226, 
    0.14319466054439545, 
    0.7005507349967957, 
    0.3631966710090637, 
    0.83559650182724, 
    0.6780222058296204, 
    0.6165671944618225, 
    0.3019278347492218, 
    0.4148068428039551, 
    0.578270435333252, 
    0.3497394025325775, 
    0.24807119369506836, 
    0.8333834409713745, 
    0.18397407233715057, 
    0.5214293003082275, 
    0.41246363520622253, 
    0.7415623068809509, 
    1.0550546646118164, 
    0.705834686756134, 
    0.1358945220708847, 
    0.5145137310028076, 
    0.15132448077201843, 
    1.0798544883728027, 
    0.3074014186859131, 
    0.5452502369880676, 
    0.6437453627586365, 
    0.19607332348823547, 
    0.556290328502655, 
    0.32204046845436096, 
    0.4004751443862915, 
    0.51729816198349, 
    0.09445839375257492, 
    0.718788743019104, 
    0.642943799495697, 
    0.8056874871253967, 
    0.40800121426582336, 
    0.4439562261104584, 
    0.6567044854164124, 
    0.3367231488227844, 
    0.5471980571746826, 
    0.21030987799167633, 
    0.5509618520736694, 
    0.6463647484779358, 
    1.049596905708313, 
    0.621987521648407, 
    0.32507753372192383, 
    0.3892497718334198, 
    0.6191272139549255, 
    0.7448987364768982, 
    0.45876190066337585, 
    0.7847632169723511, 
    0.4220920205116272, 
    0.5940017700195312, 
    0.42254677414894104, 
    0.25393104553222656, 
    0.568030059337616, 
    0.5343020558357239, 
    0.6846004724502563, 
    1.0681976079940796, 
    0.4429699182510376, 
    0.6316666007041931, 
    0.44258633255958557, 
    0.949447512626648, 
    0.39601799845695496, 
    0.6205472946166992, 
    0.6468912363052368, 
    0.5081948041915894, 
    0.2157267928123474, 
    0.3171018660068512, 
    0.2905046343803406, 
    0.6679748296737671, 
    0.506896436214447, 
    0.5732631683349609, 
    0.4141513705253601, 
    0.6833651661872864, 
    0.7904013395309448, 
    0.5203366875648499, 
    0.7836208343505859, 
    0.5047499537467957, 
    0.36633649468421936, 
    0.3361121118068695, 
    1.099603295326233, 
    0.4402373135089874, 
    0.22636020183563232, 
    0.3516536355018616, 
    0.5278659462928772, 
    0.4036530554294586, 
    0.48027417063713074, 
    0.6285818219184875, 
    0.23066093027591705, 
    0.5651371479034424, 
    0.7371729612350464, 
    0.23652516305446625, 
    0.47537761926651, 
    0.13279087841510773, 
    0.6684053540229797, 
    1.177127718925476, 
    0.651236355304718, 
    0.4304436147212982, 
    0.22894345223903656, 
    0.4829036295413971, 
    0.3007165491580963, 
    0.2925342917442322, 
    0.6304185390472412, 
    0.3167444169521332, 
    0.6348536014556885, 
    0.9501500129699707, 
    0.3386777639389038, 
    0.5722199082374573, 
    0.44183874130249023, 
    0.5463200807571411, 
    0.6294736862182617, 
    0.553202211856842, 
    0.4995333254337311, 
    0.4776950776576996, 
    0.1715640127658844, 
    0.20387627184391022
]