[
    0.4262414872646332, 
    0.2444107085466385, 
    -0.9065659642219543, 
    5.605193857299268e-45, 
    -0.1412322223186493, 
    5.605193857299268e-45, 
    0.1320459544658661, 
    5.605193857299268e-45, 
    0.5644543766975403, 
    0.04994084686040878, 
    -1.5555777549743652, 
    -2.8789034331566654e-05, 
    -0.35744452476501465, 
    -1.5624669790267944, 
    -5.605193857299268e-45, 
    -0.05828996002674103, 
    -0.00016450887778773904, 
    0.035411279648542404, 
    -1.050574541091919, 
    5.605193857299268e-45, 
    5.605193857299268e-45, 
    -0.09632349759340286, 
    0.540363073348999, 
    -0.037191398441791534, 
    -5.605193857299268e-45, 
    0.014159475453197956, 
    9.70260028339795e-18, 
    1.0153461289519328e-06, 
    -0.2451392412185669, 
    0.0387595035135746, 
    -0.00011508989700814709, 
    -0.17231236398220062
]