[
    1.6547719240188599, 
    0.24047251045703888, 
    -0.18162351846694946, 
    -0.60359126329422, 
    1.124611496925354, 
    -1.1287118196487427, 
    -0.11338767409324646, 
    -0.7026677131652832, 
    0.09152423590421677, 
    -0.22129881381988525, 
    0.5156944990158081, 
    -1.2844350337982178, 
    0.32678037881851196, 
    -0.5866490006446838, 
    0.6379221081733704, 
    0.3899554908275604, 
    -0.4663033187389374, 
    -0.4713112413883209, 
    0.10101497918367386, 
    0.47988688945770264, 
    -0.4821976125240326, 
    0.051594771444797516, 
    0.016575776040554047, 
    0.008903195150196552, 
    0.42050138115882874, 
    -0.5598110556602478, 
    0.007036633789539337, 
    -0.7573226690292358, 
    1.2317805290222168, 
    -0.8078290224075317, 
    0.3836337625980377, 
    0.6966275572776794, 
    0.050130587071180344, 
    -0.571045458316803, 
    0.9899327158927917, 
    -0.5501982569694519, 
    -0.8357969522476196, 
    -0.1751869171857834, 
    0.4596553146839142, 
    -0.6352593302726746, 
    0.2629316747188568, 
    -0.4137735962867737, 
    0.28685635328292847, 
    -0.12062457948923111, 
    1.313494324684143, 
    -0.6834808588027954, 
    0.2929913103580475, 
    0.10495065152645111, 
    0.4068041741847992, 
    -0.32908859848976135, 
    0.04680994153022766, 
    1.1393547058105469, 
    1.041155219078064, 
    0.0587632954120636, 
    -0.03976687043905258, 
    -0.38048070669174194, 
    -0.5416397452354431, 
    -0.06405468285083771, 
    1.0224685668945312, 
    -0.23956869542598724, 
    0.7878453731536865, 
    1.4613221883773804, 
    -0.9447618126869202, 
    0.843277633190155, 
    -1.817962408065796, 
    0.8223540782928467, 
    -0.2349305897951126, 
    -0.13414378464221954, 
    0.38645949959754944, 
    -0.5070223808288574, 
    1.4039990901947021, 
    0.6369636654853821, 
    0.11458376049995422, 
    0.7790423631668091, 
    -0.9059699177742004, 
    -0.6140645742416382, 
    -0.038462743163108826, 
    0.9183180928230286, 
    -1.2524889707565308, 
    -0.7613742351531982, 
    0.21025912463665009, 
    0.044130630791187286, 
    1.1638633012771606, 
    0.47595351934432983, 
    1.6233177185058594, 
    0.12833386659622192, 
    1.0436862707138062, 
    0.048116788268089294, 
    -0.4165007174015045, 
    1.1708942651748657, 
    0.6226996779441833, 
    -0.059891339391469955, 
    -0.42151400446891785, 
    -0.5121861696243286, 
    -0.44521841406822205, 
    1.508172869682312, 
    -0.4112417697906494, 
    -0.9210030436515808, 
    0.08298280835151672, 
    0.905608057975769, 
    -0.25072208046913147, 
    -0.301872581243515, 
    -0.8219054937362671, 
    -1.4943310022354126, 
    0.7623621225357056, 
    0.1693848818540573, 
    -0.706119954586029, 
    1.2820334434509277, 
    -0.7378717660903931, 
    -0.7725723385810852, 
    0.5740682482719421, 
    -0.819359302520752, 
    0.6240257620811462, 
    0.036577507853507996, 
    -0.5497244000434875, 
    -0.8784089088439941, 
    -0.7855535745620728, 
    0.07958854734897614, 
    0.407358855009079, 
    -0.40828973054885864, 
    -0.41774168610572815, 
    1.0644831657409668, 
    0.36370614171028137, 
    -0.11523225903511047, 
    0.6492854356765747, 
    -0.5983277559280396, 
    -0.007212202064692974, 
    1.3479081392288208
]